version	timestamp	block number	trial number	lost msec	free VRAM	trial contents	is_CSplus	is_CSmin	do_tactor1	do_tactor2	do_tactor3	do_pulse1	do_pulse3	do_pulse5	phase	rating	button	rating_time	button_time	
22261	Mon Apr 24 09:29:53 2017	2	1	30::12	2263.71		1	0	1	0	0	0	0	0	baseline	0	1	4824	8407	
22261	Mon Apr 24 09:30:08 2017	2	2	24::12	2263.71		0	1	0	1	0	0	0	0	baseline	-7	2	4342	5485	
22261	Mon Apr 24 09:30:20 2017	2	3	25::13	2263.71		1	0	1	0	0	0	0	0	baseline	-7	1	5833	7576	
22261	Mon Apr 24 09:30:33 2017	2	4	24::12	2263.71		1	0	1	0	0	0	0	0	baseline	-24	1	4173	5572	
22261	Mon Apr 24 09:30:45 2017	2	5	24::12	2263.71		0	1	0	1	0	0	0	0	baseline	-32	2	2689	3792	
22261	Mon Apr 24 09:30:57 2017	2	6	24::12	2263.71		0	1	0	1	0	0	0	0	baseline	-39	2	3275	4610	
22261	Mon Apr 24 09:31:09 2017	2	7	24::12	2263.71		1	0	1	0	0	0	0	0	baseline	-17	1	3460	4875	
22261	Mon Apr 24 09:31:21 2017	2	8	24::12	2263.71		0	1	0	1	0	0	0	0	baseline	-33	2	3201	4152	
22261	Mon Apr 24 09:31:36 2017	2	9	24::12	2263.71		1	0	1	0	0	0	0	0	baseline	-40	1	2930	5393	
22261	Mon Apr 24 09:31:51 2017	2	10	24::12	2263.71		0	1	0	1	0	0	0	0	baseline	-33	2	3905	5975	
22261	Mon Apr 24 09:32:32 2017	4	1	18::12	2263.71		0	1	0	1	0	1	0	0	acq	-33	2	6481	8192	
22261	Mon Apr 24 09:32:47 2017	4	2	24::12	2263.71		0	1	0	1	0	1	0	0	acq	-15	2	3162	4761	
22261	Mon Apr 24 09:33:01 2017	4	3	24::12	2263.71		1	0	1	0	0	0	0	1	acq	-2	1	5141	9500	
22261	Mon Apr 24 09:33:13 2017	4	4	24::12	2263.71		0	1	0	1	0	1	0	0	acq	-16	2	3350	4421	
22261	Mon Apr 24 09:33:28 2017	4	5	24::12	2263.71		1	0	1	0	0	0	0	1	acq	0	2	6209	8432	
22261	Mon Apr 24 09:33:41 2017	4	6	24::12	2263.71		1	0	1	0	0	0	0	1	acq	3	1	3785	5200	
22261	Mon Apr 24 09:33:53 2017	4	7	24::12	2263.71		0	1	0	1	0	1	0	0	acq	-6	2	4351	6334	
22261	Mon Apr 24 09:34:08 2017	4	8	24::12	2263.71		1	0	1	0	0	0	0	1	acq	2	1	3452	6155	
22261	Mon Apr 24 09:35:24 2017	7	1	18::12	2263.71		1	0	1	0	0	0	0	1	acq	-1	1	4689	7232	
22261	Mon Apr 24 09:35:37 2017	7	2	24::12	2263.71		0	1	0	1	0	1	0	0	acq	2	1	3675	5090	
22261	Mon Apr 24 09:35:50 2017	7	3	24::12	2263.71		0	1	0	1	0	1	0	0	acq	-12	2	5092	6475	
22261	Mon Apr 24 09:36:04 2017	7	4	24::12	2263.71		1	0	1	0	0	0	0	1	acq	3	1	3185	4752	
22261	Mon Apr 24 09:36:16 2017	7	5	24::12	2263.71		0	1	0	1	0	1	0	0	acq	-6	2	3542	5949	
22261	Mon Apr 24 09:36:31 2017	7	6	24::12	2263.71		1	0	1	0	0	0	0	1	acq	2	1	4507	6418	
22261	Mon Apr 24 09:36:44 2017	7	7	24::12	2263.71		1	0	1	0	0	0	0	1	acq	2	1	3844	6523	
22261	Mon Apr 24 09:36:58 2017	7	8	24::12	2263.71		0	1	0	1	0	1	0	0	acq	-18	2	2175	4806	
22261	Mon Apr 24 09:38:46 2017	10	1	18::12	2263.71		0	1	0	1	0	1	0	0	acq	-5	2	7040	9223	
22261	Mon Apr 24 09:39:00 2017	10	2	24::12	2263.71		1	0	1	0	0	0	0	1	acq	6	1	4479	6070	
22261	Mon Apr 24 09:39:13 2017	10	3	24::12	2263.71		0	1	0	1	0	1	0	0	acq	3	2	4070	6413	
22261	Mon Apr 24 09:39:27 2017	10	4	24::12	2263.71		1	0	1	0	0	0	0	1	acq	16	1	3253	4988	
22261	Mon Apr 24 09:39:41 2017	10	5	24::12	2263.71		1	0	1	0	0	0	0	1	acq	13	1	3366	5365	
22261	Mon Apr 24 09:39:55 2017	10	6	24::12	2263.71		0	1	0	1	0	1	0	0	acq	3	1	2781	5364	
22261	Mon Apr 24 09:40:08 2017	10	7	24::12	2263.71		0	1	0	1	0	1	0	0	acq	-4	2	3989	5244	
22261	Mon Apr 24 09:40:21 2017	10	8	24::12	2263.71		1	0	1	0	0	0	0	1	acq	15	1	3925	6211	
22261	Mon Apr 24 09:41:12 2017	13	1	24::12	2263.71		0	1	0	1	0	0	1	0	test	0	2	3185	4368	
22261	Mon Apr 24 09:41:26 2017	13	2	24::12	2263.71		0	1	0	1	0	0	0	0	test	-5	2	2939	4353	
22261	Mon Apr 24 09:41:40 2017	13	3	24::12	2263.71		1	0	1	0	0	0	0	1	test	12	1	4083	5290	
22261	Mon Apr 24 09:41:54 2017	13	4	24::12	2263.71		1	0	1	0	0	0	0	1	test	15	1	2594	4217	
22261	Mon Apr 24 09:42:08 2017	13	5	24::12	2263.71		0	1	0	1	0	1	0	0	test	8	2	5505	8720	
22261	Mon Apr 24 09:42:21 2017	13	6	24::12	2263.71		0	1	0	1	0	1	0	0	test	-4	2	3808	5551	
22261	Mon Apr 24 09:42:34 2017	13	7	24::12	2263.71		1	0	1	0	0	0	1	0	test	8	1	2289	3672	
22261	Mon Apr 24 09:42:47 2017	13	8	24::12	2263.71		1	0	1	0	0	0	0	0	test	11	1	3388	4787	
22261	Mon Apr 24 09:43:00 2017	13	9	24::12	2263.71		0	1	0	1	0	1	0	0	test	-4	1	4688	6854	
22261	Mon Apr 24 09:43:13 2017	13	10	24::12	2263.71		0	1	0	1	0	1	0	0	test	-9	2	2447	3814	
22261	Mon Apr 24 09:43:27 2017	13	11	24::12	2263.71		1	0	1	0	0	0	0	1	test	4	1	4490	6193	
22261	Mon Apr 24 09:43:40 2017	13	12	36::12	2263.71		0	1	0	1	0	0	0	0	test	-5	2	4686	5701	
22261	Mon Apr 24 09:43:53 2017	13	13	24::12	2263.71		1	0	1	0	0	0	0	1	test	5	1	4271	6094	
22261	Mon Apr 24 09:44:06 2017	13	14	24::12	2263.71		0	1	0	1	0	1	0	0	test	-1	2	2351	3437	
22261	Mon Apr 24 09:44:20 2017	13	15	24::12	2263.71		1	0	1	0	0	0	0	1	test	3	1	2198	3429	
22261	Mon Apr 24 09:44:33 2017	13	16	24::12	2263.71		1	0	1	0	0	0	0	1	test	10	1	2695	3838	
22261	Mon Apr 24 09:44:45 2017	13	17	24::12	2263.71		0	1	0	1	0	1	0	0	test	-12	2	3251	4210	
22261	Mon Apr 24 09:44:58 2017	13	18	24::12	2263.71		1	0	1	0	0	0	1	0	test	0	1	3129	4408	
22261	Mon Apr 24 09:45:12 2017	13	19	24::12	2263.71		0	1	0	1	0	1	0	0	test	-16	2	3472	4559	
22261	Mon Apr 24 09:45:25 2017	13	20	24::12	2263.71		1	0	1	0	0	0	1	0	test	6	1	2107	3330	
22261	Mon Apr 24 09:45:37 2017	13	21	24::12	2263.71		1	0	1	0	0	0	1	0	test	11	1	3610	4945	
22261	Mon Apr 24 09:45:50 2017	13	22	24::12	2263.71		0	1	0	1	0	0	1	0	test	0	2	4330	5289	
22261	Mon Apr 24 09:46:03 2017	13	23	24::12	2263.71		1	0	1	0	0	0	0	0	test	0	1	5619	7570	
22261	Mon Apr 24 09:46:18 2017	13	24	24::12	2263.71		1	0	1	0	0	0	1	0	test	0	1	3609	4688	
22261	Mon Apr 24 09:46:31 2017	13	25	24::12	2263.71		0	1	0	1	0	0	0	0	test	-16	2	2312	3159	
22261	Mon Apr 24 09:46:44 2017	13	26	24::12	2263.71		1	0	1	0	0	0	0	1	test	8	1	3124	4698	
22261	Mon Apr 24 09:46:58 2017	13	27	24::12	2263.71		0	1	0	1	0	1	0	0	test	-9	2	3149	4196	
22261	Mon Apr 24 09:47:12 2017	13	28	24::12	2263.71		0	1	0	1	0	0	1	0	test	-15	2	2548	3411	
22261	Mon Apr 24 09:47:26 2017	13	29	24::12	2263.71		1	0	1	0	0	0	0	0	test	5	1	3127	4286	
22261	Mon Apr 24 09:47:38 2017	13	30	24::12	2263.71		1	0	1	0	0	0	0	1	test	11	1	3313	4424	
22261	Mon Apr 24 09:47:52 2017	13	31	24::12	2263.71		0	1	0	1	0	0	1	0	test	4	2	2661	3628	
22261	Mon Apr 24 09:48:04 2017	13	32	24::12	2263.71		1	0	1	0	0	0	0	1	test	9	1	4247	5462	
22261	Mon Apr 24 09:48:18 2017	13	33	24::12	2263.71		0	1	0	1	0	1	0	0	test	0	2	2695	3686	
22261	Mon Apr 24 09:48:31 2017	13	34	24::12	2263.71		0	1	0	1	0	0	1	0	test	3	2	2647	3638	
22261	Mon Apr 24 09:48:45 2017	13	35	24::12	2263.71		1	0	1	0	0	0	0	1	test	8	1	2488	3695	
22261	Mon Apr 24 09:48:58 2017	13	36	24::12	2263.71		0	1	0	1	0	1	0	0	test	-6	2	2279	3174	
22261	Mon Apr 24 09:50:02 2017	16	1	24::12	2263.71		1	0	1	0	0	0	0	1	test	6	1	4428	5603	
22261	Mon Apr 24 09:50:14 2017	16	2	24::12	2263.71		1	0	1	0	0	0	1	0	test	4	1	3721	4784	
22261	Mon Apr 24 09:50:28 2017	16	3	24::12	2263.71		0	1	0	1	0	0	1	0	test	0	2	3327	4782	
22261	Mon Apr 24 09:50:41 2017	16	4	24::12	2263.71		1	0	1	0	0	0	1	0	test	2	1	3600	5119	
22261	Mon Apr 24 09:50:54 2017	16	5	24::12	2263.71		1	0	1	0	0	0	1	0	test	1	1	3744	5607	
22261	Mon Apr 24 09:51:09 2017	16	6	24::12	2263.71		0	1	0	1	0	1	0	0	test	-3	2	2964	3787	
22261	Mon Apr 24 09:51:23 2017	16	7	24::12	2263.71		1	0	1	0	0	0	0	0	test	2	1	2876	4019	
22261	Mon Apr 24 09:51:36 2017	16	8	24::12	2263.71		1	0	1	0	0	0	0	0	test	2	1	3863	5366	
22261	Mon Apr 24 09:51:48 2017	16	9	24::12	2263.71		0	1	0	1	0	0	0	0	test	-3	2	3798	4877	
22261	Mon Apr 24 09:52:01 2017	16	10	24::12	2263.71		1	0	1	0	0	0	0	1	test	6	1	3302	4333	
22261	Mon Apr 24 09:52:13 2017	16	11	24::12	2263.71		1	0	1	0	0	0	0	1	test	4	1	3914	4849	
22261	Mon Apr 24 09:52:26 2017	16	12	24::12	2263.71		0	1	0	1	0	1	0	0	test	2	2	5221	6740	
22261	Mon Apr 24 09:52:39 2017	16	13	24::12	2263.71		0	1	0	1	0	0	0	0	test	0	2	3243	4218	
22261	Mon Apr 24 09:52:51 2017	16	14	24::12	2263.71		1	0	1	0	0	0	1	0	test	-2	1	2493	3788	
22261	Mon Apr 24 09:53:05 2017	16	15	24::12	2263.71		0	1	0	1	0	0	1	0	test	5	2	2899	3834	
22261	Mon Apr 24 09:53:19 2017	16	16	24::12	2263.71		0	1	0	1	0	1	0	0	test	-7	2	2256	3071	
22261	Mon Apr 24 09:53:34 2017	16	17	24::12	2263.71		1	0	1	0	0	0	0	1	test	12	1	2659	3890	
22261	Mon Apr 24 09:53:48 2017	16	18	24::12	2263.71		1	0	1	0	0	0	0	1	test	12	1	2545	3584	
22261	Mon Apr 24 09:54:01 2017	16	19	24::12	2263.71		0	1	0	1	0	1	0	0	test	-6	2	3625	4520	
22261	Mon Apr 24 09:54:14 2017	16	20	24::12	2263.71		0	1	0	1	0	1	0	0	test	-6	2	2377	3568	
22261	Mon Apr 24 09:54:27 2017	16	21	24::12	2263.71		1	0	1	0	0	0	0	1	test	5	1	2981	3972	
22261	Mon Apr 24 09:54:40 2017	16	22	36::12	2263.71		0	1	0	1	0	0	1	0	test	-3	2	3683	5194	
22261	Mon Apr 24 09:54:55 2017	16	23	24::12	2263.71		1	0	1	0	0	0	1	0	test	1	1	5137	6312	
22261	Mon Apr 24 09:55:07 2017	16	24	24::12	2263.71		0	1	0	1	0	0	0	0	test	-3	2	3090	4089	
22261	Mon Apr 24 09:55:22 2017	16	25	24::12	2263.71		0	1	0	1	0	0	1	0	test	3	2	3641	4560	
22261	Mon Apr 24 09:55:35 2017	16	26	24::12	2263.71		1	0	1	0	0	0	0	1	test	7	1	2819	3994	
22261	Mon Apr 24 09:55:50 2017	16	27	24::12	2263.71		0	1	0	1	0	1	0	0	test	4	2	4040	4895	
22261	Mon Apr 24 09:56:04 2017	16	28	24::12	2263.71		0	1	0	1	0	1	0	0	test	-3	2	2761	3752	
22261	Mon Apr 24 09:56:18 2017	16	29	24::12	2263.71		1	0	1	0	0	0	0	1	test	8	1	2990	4077	
22261	Mon Apr 24 09:56:32 2017	16	30	24::12	2263.71		1	0	1	0	0	0	0	0	test	-1	1	5075	6946	
22261	Mon Apr 24 09:56:45 2017	16	31	24::12	2263.71		0	1	0	1	0	0	1	0	test	-7	2	2257	3312	
22261	Mon Apr 24 09:56:58 2017	16	32	24::12	2263.71		0	1	0	1	0	1	0	0	test	-5	2	2392	3223	
22261	Mon Apr 24 09:57:13 2017	16	33	24::12	2263.71		1	0	1	0	0	0	0	1	test	10	1	2162	3169	
22261	Mon Apr 24 09:57:26 2017	16	34	24::12	2263.71		0	1	0	1	0	1	0	0	test	3	2	4600	5663	
22261	Mon Apr 24 09:57:40 2017	16	35	24::12	2263.71		1	0	1	0	0	0	0	1	test	-3	1	3108	4107	
22261	Mon Apr 24 09:57:54 2017	16	36	24::12	2263.71		0	1	0	1	0	1	0	0	test	-4	2	2859	3857	
22261	Mon Apr 24 09:59:13 2017	19	1	18::12	2263.71		0	1	0	1	0	1	0	0	test	-3	1	3969	6800	
22261	Mon Apr 24 09:59:25 2017	19	2	24::12	2263.71		0	1	0	1	0	0	1	0	test	1	2	2976	4327	
22261	Mon Apr 24 09:59:38 2017	19	3	24::12	2263.71		1	0	1	0	0	0	0	1	test	4	1	2486	3509	
22261	Mon Apr 24 09:59:52 2017	19	4	24::12	2263.71		0	1	0	1	0	0	1	0	test	2	1	3136	4543	
22261	Mon Apr 24 10:00:05 2017	19	5	24::12	2263.71		1	0	1	0	0	0	1	0	test	-3	1	3496	4655	
22261	Mon Apr 24 10:00:18 2017	19	6	36::12	2263.71		0	1	0	1	0	1	0	0	test	4	2	4201	5744	
22261	Mon Apr 24 10:00:32 2017	19	7	25::13	2263.71		0	1	0	1	0	0	0	0	test	-3	2	3347	4242	
22261	Mon Apr 24 10:00:47 2017	19	8	25::13	2263.71		1	0	1	0	0	0	1	0	test	6	1	2695	3862	
22261	Mon Apr 24 10:00:59 2017	19	9	24::12	2263.71		1	0	1	0	0	0	0	1	test	4	1	3201	5168	
22261	Mon Apr 24 10:01:14 2017	19	10	24::12	2263.71		0	1	0	1	0	1	0	0	test	-1	2	3380	5019	
22261	Mon Apr 24 10:01:26 2017	19	11	24::12	2263.71		1	0	1	0	0	0	0	1	test	3	1	3041	4320	
22261	Mon Apr 24 10:01:38 2017	19	12	24::12	2263.71		0	1	0	1	0	1	0	0	test	-3	2	2627	4186	
22261	Mon Apr 24 10:01:53 2017	19	13	24::12	2263.71		1	0	1	0	0	0	1	0	test	4	1	2422	3797	
22261	Mon Apr 24 10:02:05 2017	19	14	24::12	2263.71		1	0	1	0	0	0	0	0	test	2	1	3031	3950	
22261	Mon Apr 24 10:02:20 2017	19	15	24::12	2263.71		0	1	0	1	0	0	0	0	test	-5	2	2397	3284	
22261	Mon Apr 24 10:02:32 2017	19	16	24::12	2263.71		1	0	1	0	0	0	0	1	test	5	1	3700	4819	
22261	Mon Apr 24 10:02:46 2017	19	17	24::12	2263.71		0	1	0	1	0	0	1	0	test	-4	2	2759	3574	
22261	Mon Apr 24 10:03:00 2017	19	18	24::12	2263.71		0	1	0	1	0	1	0	0	test	-3	2	2596	3403	
22261	Mon Apr 24 10:03:13 2017	19	19	24::12	2263.71		1	0	1	0	0	0	0	1	test	8	1	1830	3420	
22261	Mon Apr 24 10:03:26 2017	19	20	24::12	2263.71		0	1	0	1	0	0	1	0	test	4	1	4679	7662	
22261	Mon Apr 24 10:03:38 2017	19	21	24::12	2263.71		0	1	0	1	0	0	0	0	test	-3	2	2230	3037	
22261	Mon Apr 24 10:03:52 2017	19	22	24::12	2263.71		1	0	1	0	0	0	0	1	test	-6	1	2326	3437	
22261	Mon Apr 24 10:04:06 2017	19	23	24::12	2263.71		1	0	1	0	0	0	0	1	test	-2	1	5256	6295	
22261	Mon Apr 24 10:04:19 2017	19	24	24::12	2263.71		0	1	0	1	0	1	0	0	test	-3	2	1873	2656	
22261	Mon Apr 24 10:04:33 2017	19	25	24::12	2263.71		1	0	1	0	0	0	1	0	test	2	1	3127	4350	
22261	Mon Apr 24 10:04:46 2017	19	26	24::12	2263.71		0	1	0	1	0	1	0	0	test	-8	2	2400	3151	
22261	Mon Apr 24 10:05:00 2017	19	27	24::12	2263.71		1	0	1	0	0	0	0	1	test	4	1	3120	4583	
22261	Mon Apr 24 10:05:12 2017	19	28	24::12	2263.71		1	0	1	0	0	0	0	1	test	-3	1	2503	3502	
22261	Mon Apr 24 10:05:26 2017	19	29	24::12	2263.71		0	1	0	1	0	1	0	0	test	-3	1	3424	4639	
22261	Mon Apr 24 10:05:39 2017	19	30	24::12	2263.71		0	1	0	1	0	1	0	0	test	-5	2	2584	3551	
22261	Mon Apr 24 10:05:51 2017	19	31	24::12	2263.71		1	0	1	0	0	0	1	0	test	3	1	2352	3303	
22261	Mon Apr 24 10:06:06 2017	19	32	24::12	2263.71		0	1	0	1	0	0	1	0	test	3	1	4590	6213	
22261	Mon Apr 24 10:06:19 2017	19	33	24::12	2263.71		1	0	1	0	0	0	0	1	test	0	1	4965	6028	
22261	Mon Apr 24 10:06:31 2017	19	34	24::12	2263.71		0	1	0	1	0	1	0	0	test	-4	2	2954	3753	
22261	Mon Apr 24 10:06:45 2017	19	35	24::12	2263.71		1	0	1	0	0	0	0	0	test	5	1	3397	4460	
22261	Mon Apr 24 10:06:58 2017	19	36	24::12	2263.71		1	0	1	0	0	0	0	0	test	-6	1	2850	3777	
