version	timestamp	block number	trial number	lost msec	free VRAM	trial contents	is_CSplus	is_CSmin	do_tactor1	do_tactor2	do_tactor3	do_pulse1	do_pulse3	do_pulse5	phase	rating	button	rating_time	button_time	
22261	Wed Nov 15 01:22:34 2017	2	1	6::3	3544.43		1	0	0	1	0	0	0	0	baseline	-47	2	3274	4745	
22261	Wed Nov 15 01:22:47 2017	2	2	6::3	3544.43		1	0	0	1	0	0	0	0	baseline	-46	2	3123	4794	
22261	Wed Nov 15 01:23:01 2017	2	3	6::3	3544.43		0	1	1	0	0	0	0	0	baseline	-47	1	2557	3476	
22261	Wed Nov 15 01:23:16 2017	2	4	6::3	3544.43		1	0	0	1	0	0	0	0	baseline	-47	2	2423	3510	
22261	Wed Nov 15 01:23:30 2017	2	5	6::3	3544.43		0	1	1	0	0	0	0	0	baseline	-38	1	2737	4448	
22261	Wed Nov 15 01:23:44 2017	2	6	6::3	3544.43		0	1	1	0	0	0	0	0	baseline	-44	1	2667	3834	
22261	Wed Nov 15 01:23:58 2017	2	7	6::3	3544.43		1	0	0	1	0	0	0	0	baseline	-47	2	2051	3026	
22261	Wed Nov 15 01:24:12 2017	2	8	6::3	3544.43		0	1	1	0	0	0	0	0	baseline	-45	1	2406	3701	
22261	Wed Nov 15 01:24:26 2017	2	9	6::3	3544.43		0	1	1	0	0	0	0	0	baseline	-47	1	2035	3058	
22261	Wed Nov 15 01:24:41 2017	2	10	6::3	3544.43		1	0	0	1	0	0	0	0	baseline	-49	2	2449	3344	
22261	Wed Nov 15 01:25:08 2017	4	1	6::3	3544.43		1	0	0	1	0	0	0	1	acq	2	2	3712	6559	
22261	Wed Nov 15 01:25:20 2017	4	2	6::3	3544.43		1	0	0	1	0	0	0	1	acq	-2	2	2620	3683	
22261	Wed Nov 15 01:25:33 2017	4	3	6::3	3544.43		0	1	1	0	0	1	0	0	acq	-49	1	2828	3843	
22261	Wed Nov 15 01:25:45 2017	4	4	6::3	3544.43		0	1	1	0	0	1	0	0	acq	-46	1	2485	3476	
22261	Wed Nov 15 01:25:57 2017	4	5	6::3	3544.43		1	0	0	1	0	0	0	1	acq	-1	2	3858	5969	
22261	Wed Nov 15 01:26:11 2017	4	6	6::3	3544.43		0	1	1	0	0	1	0	0	acq	-49	1	2315	3290	
22261	Wed Nov 15 01:26:24 2017	4	7	6::3	3544.43		1	0	0	1	0	0	0	1	acq	2	2	3647	4782	
22261	Wed Nov 15 01:26:38 2017	4	8	6::3	3544.43		0	1	1	0	0	1	0	0	acq	-45	1	2010	3033	
22261	Wed Nov 15 01:28:20 2017	7	1	6::3	3544.43		0	1	1	0	0	1	0	0	acq	-37	1	2210	3065	
22261	Wed Nov 15 01:28:35 2017	7	2	6::3	3544.43		1	0	0	1	0	0	0	1	acq	21	2	1967	3630	
22261	Wed Nov 15 01:28:48 2017	7	3	6::3	3544.43		1	0	0	1	0	0	0	1	acq	25	2	2206	3629	
22261	Wed Nov 15 01:29:03 2017	7	4	6::3	3544.43		0	1	1	0	0	1	0	0	acq	-35	1	2704	3759	
22261	Wed Nov 15 01:29:16 2017	7	5	6::3	3544.43		1	0	0	1	0	0	0	1	acq	9	2	2443	4506	
22261	Wed Nov 15 01:29:28 2017	7	6	6::3	3544.43		0	1	1	0	0	1	0	0	acq	-39	1	2348	3459	
22261	Wed Nov 15 01:29:41 2017	7	7	6::3	3544.43		0	1	1	0	0	1	0	0	acq	-26	1	3128	4207	
22261	Wed Nov 15 01:29:54 2017	7	8	6::3	3544.43		1	0	0	1	0	0	0	1	acq	13	2	2159	4198	
22261	Wed Nov 15 01:31:24 2017	10	1	6::3	3544.43		1	0	0	1	0	0	0	1	acq	21	2	2088	3975	
22261	Wed Nov 15 01:31:39 2017	10	2	6::3	3544.43		0	1	1	0	0	1	0	0	acq	-22	1	2994	3977	
22261	Wed Nov 15 01:31:51 2017	10	3	6::3	3544.43		1	0	0	1	0	0	0	1	acq	17	2	2320	4759	
22261	Wed Nov 15 01:32:05 2017	10	4	6::3	3544.43		0	1	1	0	0	1	0	0	acq	-38	1	2394	3777	
22261	Wed Nov 15 01:32:17 2017	10	5	6::3	3544.43		0	1	1	0	0	1	0	0	acq	-46	1	2343	3462	
22261	Wed Nov 15 01:32:31 2017	10	6	6::3	3544.43		1	0	0	1	0	0	0	1	acq	11	1	3740	5771	
22261	Wed Nov 15 01:32:46 2017	10	7	6::3	3544.43		0	1	1	0	0	1	0	0	acq	-41	1	2910	4261	
22261	Wed Nov 15 01:32:59 2017	10	8	6::3	3544.43		1	0	0	1	0	0	0	1	acq	24	2	2864	4607	
22261	Wed Nov 15 01:35:12 2017	13	1	6::3	3544.43		0	1	1	0	0	0	1	0	test	9	1	2408	3823	
22261	Wed Nov 15 01:35:25 2017	13	2	9::3	3544.43		0	1	1	0	0	0	1	0	test	14	1	2552	4063	
22261	Wed Nov 15 01:35:37 2017	13	3	6::3	3544.43		1	0	0	1	0	0	0	1	test	22	2	2293	3244	
22261	Wed Nov 15 01:35:50 2017	13	4	6::3	3544.43		0	1	1	0	0	0	1	0	test	14	2	3159	4726	
22261	Wed Nov 15 01:36:04 2017	13	5	6::3	3544.43		0	1	1	0	0	0	0	0	test	-39	1	2672	3647	
22261	Wed Nov 15 01:36:19 2017	13	6	6::3	3544.43		1	0	0	1	0	0	0	1	test	25	2	2131	3761	
22261	Wed Nov 15 01:36:33 2017	13	7	6::3	3544.43		1	0	0	1	0	0	1	0	test	19	2	2779	4282	
22261	Wed Nov 15 01:36:48 2017	13	8	6::3	3544.43		0	1	1	0	0	1	0	0	test	-14	1	2812	4035	
22261	Wed Nov 15 01:37:00 2017	13	9	6::3	3544.43		1	0	0	1	0	0	0	0	test	-47	2	2392	3447	
22261	Wed Nov 15 01:37:13 2017	13	10	6::3	3544.43		1	0	0	1	0	0	1	0	test	19	2	2107	3906	
22261	Wed Nov 15 01:37:25 2017	13	11	6::3	3544.43		0	1	1	0	0	0	1	0	test	3	1	4732	6371	
22261	Wed Nov 15 01:37:38 2017	13	12	6::3	3544.43		0	1	1	0	0	1	0	0	test	-10	1	2565	3932	
22261	Wed Nov 15 01:37:53 2017	13	13	6::3	3544.43		1	0	0	1	0	0	0	1	test	23	2	2602	3833	
22261	Wed Nov 15 01:38:06 2017	13	14	6::3	3544.43		1	0	0	1	0	0	0	1	test	24	2	2469	4156	
22261	Wed Nov 15 01:38:19 2017	13	15	6::3	3544.43		0	1	1	0	0	0	0	0	test	-43	1	2693	3684	
22261	Wed Nov 15 01:38:32 2017	13	16	6::3	3544.43		1	0	0	1	0	0	0	1	test	30	2	2213	3100	
22261	Wed Nov 15 01:38:46 2017	13	17	6::3	3544.43		0	1	1	0	0	1	0	0	test	-7	1	2686	4013	
22261	Wed Nov 15 01:39:01 2017	13	18	6::3	3544.43		1	0	0	1	0	0	0	1	test	18	2	2436	3683	
22261	Wed Nov 15 01:39:15 2017	13	19	6::3	3544.43		0	1	1	0	0	1	0	0	test	-27	2	2012	4251	
22261	Wed Nov 15 01:39:30 2017	13	20	6::3	3544.43		1	0	0	1	0	0	0	1	test	22	2	2181	3212	
22261	Wed Nov 15 01:39:44 2017	13	21	6::3	3544.43		0	1	1	0	0	0	1	0	test	1	2	2550	4317	
22261	Wed Nov 15 01:39:57 2017	13	22	6::3	3544.43		0	1	1	0	0	1	0	0	test	-6	1	2364	4123	
22261	Wed Nov 15 01:40:09 2017	13	23	6::3	3544.43		1	0	0	1	0	0	1	0	test	20	2	2287	3454	
22261	Wed Nov 15 01:40:23 2017	13	24	6::3	3544.43		1	0	0	1	0	0	0	0	test	-48	2	3186	4481	
22261	Wed Nov 15 01:40:36 2017	13	25	6::3	3544.43		0	1	1	0	0	1	0	0	test	-14	1	2401	3728	
22261	Wed Nov 15 01:40:50 2017	13	26	6::3	3544.43		1	0	0	1	0	0	0	1	test	26	1	1943	5174	
22261	Wed Nov 15 01:41:04 2017	13	27	6::3	3544.43		0	1	1	0	0	0	0	0	test	-48	1	2493	3540	
22261	Wed Nov 15 01:41:18 2017	13	28	6::3	3544.43		1	0	0	1	0	0	0	0	test	-47	2	2236	3211	
22261	Wed Nov 15 01:41:33 2017	13	29	6::3	3544.43		1	0	0	1	0	0	0	1	test	32	2	1927	3350	
22261	Wed Nov 15 01:41:46 2017	13	30	9::3	3544.43		0	1	1	0	0	1	0	0	test	-14	1	2916	4011	
22261	Wed Nov 15 01:42:00 2017	13	31	6::3	3544.43		0	1	1	0	0	1	0	0	test	-13	1	2955	4202	
22261	Wed Nov 15 01:42:14 2017	13	32	6::3	3544.43		1	0	0	1	0	0	1	0	test	16	2	2205	3036	
22261	Wed Nov 15 01:42:29 2017	13	33	6::3	3544.43		0	1	1	0	0	1	0	0	test	2	2	2126	3957	
22261	Wed Nov 15 01:42:41 2017	13	34	6::3	3544.43		1	0	0	1	0	0	0	1	test	33	2	2088	3279	
22261	Wed Nov 15 01:42:55 2017	13	35	9::3	3544.43		0	1	1	0	0	1	0	0	test	-6	1	2177	3064	
22261	Wed Nov 15 01:43:09 2017	13	36	6::3	3544.43		1	0	0	1	0	0	1	0	test	2	2	3044	4635	
22261	Wed Nov 15 01:44:20 2017	16	1	6::3	3544.43		0	1	1	0	0	1	0	0	test	-14	1	2392	3263	
22261	Wed Nov 15 01:44:34 2017	16	2	6::3	3544.43		0	1	1	0	0	1	0	0	test	5	2	1932	2955	
22261	Wed Nov 15 01:44:48 2017	16	3	6::3	3544.43		1	0	0	1	0	0	0	1	test	29	2	2929	4648	
22261	Wed Nov 15 01:45:02 2017	16	4	6::3	3544.43		0	1	1	0	0	0	1	0	test	26	2	2255	3774	
22261	Wed Nov 15 01:45:16 2017	16	5	6::3	3544.43		1	0	0	1	0	0	0	0	test	-49	2	2426	3753	
22261	Wed Nov 15 01:45:30 2017	16	6	6::3	3544.43		1	0	0	1	0	0	0	1	test	28	2	2202	3033	
22261	Wed Nov 15 01:45:42 2017	16	7	6::3	3544.43		0	1	1	0	0	0	1	0	test	25	1	2111	3486	
22261	Wed Nov 15 01:45:55 2017	16	8	6::3	3544.43		1	0	0	1	0	0	0	0	test	-48	2	2412	3683	
22261	Wed Nov 15 01:46:10 2017	16	9	6::3	3544.43		1	0	0	1	0	0	1	0	test	13	2	2545	3352	
22261	Wed Nov 15 01:46:22 2017	16	10	6::3	3544.43		0	1	1	0	0	1	0	0	test	-11	1	2973	4196	
22261	Wed Nov 15 01:46:36 2017	16	11	6::3	3544.43		1	0	0	1	0	0	1	0	test	7	2	1923	3154	
22261	Wed Nov 15 01:46:49 2017	16	12	6::3	3544.43		1	0	0	1	0	0	0	1	test	21	2	2634	3705	
22261	Wed Nov 15 01:47:03 2017	16	13	6::3	3544.43		0	1	1	0	0	1	0	0	test	-21	1	3808	4767	
22261	Wed Nov 15 01:47:17 2017	16	14	6::3	3544.43		1	0	0	1	0	0	1	0	test	11	2	1844	2835	
22261	Wed Nov 15 01:47:30 2017	16	15	6::3	3544.43		0	1	1	0	0	0	1	0	test	8	1	1849	2976	
22261	Wed Nov 15 01:47:43 2017	16	16	6::3	3544.43		0	1	1	0	0	0	1	0	test	8	1	2086	3301	
22261	Wed Nov 15 01:47:57 2017	16	17	6::3	3544.43		1	0	0	1	0	0	0	1	test	24	2	2191	3710	
22261	Wed Nov 15 01:48:12 2017	16	18	6::3	3544.43		0	1	1	0	0	1	0	0	test	-21	1	2685	3580	
22261	Wed Nov 15 01:48:25 2017	16	19	6::3	3544.43		0	1	1	0	0	0	0	0	test	-39	1	2282	3289	
22261	Wed Nov 15 01:48:37 2017	16	20	6::3	3544.43		1	0	0	1	0	0	1	0	test	10	2	2130	4033	
22261	Wed Nov 15 01:48:50 2017	16	21	9::3	3544.43		1	0	0	1	0	0	0	1	test	32	2	2933	3740	
22261	Wed Nov 15 01:49:04 2017	16	22	6::3	3544.43		0	1	1	0	0	1	0	0	test	-20	1	2309	3332	
22261	Wed Nov 15 01:49:19 2017	16	23	6::3	3544.43		0	1	1	0	0	0	0	0	test	-48	1	2084	3075	
22261	Wed Nov 15 01:49:31 2017	16	24	6::3	3544.43		1	0	0	1	0	0	0	1	test	26	2	2740	3571	
22261	Wed Nov 15 01:49:44 2017	16	25	6::3	3544.43		1	0	0	1	0	0	1	0	test	14	2	2384	3487	
22261	Wed Nov 15 01:49:59 2017	16	26	6::3	3544.43		0	1	1	0	0	1	0	0	test	-25	1	2120	3270	
22261	Wed Nov 15 01:50:13 2017	16	27	6::3	3544.43		1	0	0	1	0	0	0	0	test	-44	2	2107	3114	
22261	Wed Nov 15 01:50:27 2017	16	28	6::3	3544.43		0	1	1	0	0	0	0	0	test	-27	1	4655	5790	
22261	Wed Nov 15 01:50:40 2017	16	29	6::3	3544.43		0	1	1	0	0	1	0	0	test	-1	1	1985	4280	
22261	Wed Nov 15 01:50:53 2017	16	30	6::3	3544.43		1	0	0	1	0	0	0	1	test	21	2	2500	3355	
22261	Wed Nov 15 01:51:05 2017	16	31	6::3	3544.43		1	0	0	1	0	0	0	1	test	27	2	2311	3382	
22261	Wed Nov 15 01:51:19 2017	16	32	6::3	3544.43		0	1	1	0	0	1	0	0	test	-11	1	2593	3640	
22261	Wed Nov 15 01:51:32 2017	16	33	6::3	3544.43		1	0	0	1	0	0	0	1	test	4	2	3139	4010	
22261	Wed Nov 15 01:51:45 2017	16	34	6::3	3544.43		0	1	1	0	0	0	1	0	test	5	1	2388	3515	
22261	Wed Nov 15 01:51:59 2017	16	35	6::3	3544.43		0	1	1	0	0	1	0	0	test	-24	1	2127	3094	
22261	Wed Nov 15 01:52:14 2017	16	36	6::3	3544.43		1	0	0	1	0	0	0	1	test	13	2	1922	2961	
22261	Wed Nov 15 01:53:45 2017	19	1	6::3	3544.43		0	1	1	0	0	1	0	0	test	-20	1	1720	2551	
22261	Wed Nov 15 01:53:59 2017	19	2	6::3	3544.43		0	1	1	0	0	0	0	0	test	-43	1	1983	2942	
22261	Wed Nov 15 01:54:12 2017	19	3	6::3	3544.43		1	0	0	1	0	0	1	0	test	15	2	2306	3065	
22261	Wed Nov 15 01:54:24 2017	19	4	6::3	3544.43		1	0	0	1	0	0	0	1	test	24	2	1731	2578	
22261	Wed Nov 15 01:54:38 2017	19	5	6::3	3544.43		0	1	1	0	0	0	1	0	test	10	1	2240	4591	
22261	Wed Nov 15 01:54:52 2017	19	6	6::3	3544.43		0	1	1	0	0	0	1	0	test	27	2	2164	4003	
22261	Wed Nov 15 01:55:06 2017	19	7	6::3	3544.43		1	0	0	1	0	0	0	1	test	18	2	2438	3245	
22261	Wed Nov 15 01:55:18 2017	19	8	6::3	3544.43		0	1	1	0	0	1	0	0	test	-11	1	2781	3740	
22261	Wed Nov 15 01:55:32 2017	19	9	6::3	3544.43		0	1	1	0	0	0	1	0	test	15	1	2017	3264	
22261	Wed Nov 15 01:55:47 2017	19	10	6::3	3544.43		1	0	0	1	0	0	0	1	test	18	1	2228	4315	
22261	Wed Nov 15 01:55:59 2017	19	11	6::3	3544.43		1	0	0	1	0	0	0	1	test	23	2	2423	3174	
22261	Wed Nov 15 01:56:13 2017	19	12	6::3	3544.43		0	1	1	0	0	0	0	0	test	-43	1	2392	3231	
22261	Wed Nov 15 01:56:26 2017	19	13	6::3	3544.43		0	1	1	0	0	1	0	0	test	-13	1	2036	2747	
22261	Wed Nov 15 01:56:39 2017	19	14	6::3	3544.43		1	0	0	1	0	0	0	1	test	27	2	2825	4640	
22261	Wed Nov 15 01:56:54 2017	19	15	6::3	3544.43		1	0	0	1	0	0	0	1	test	20	2	3043	4514	
22261	Wed Nov 15 01:57:07 2017	19	16	9::3	3544.43		0	1	1	0	0	1	0	0	test	-2	2	1983	6086	
22261	Wed Nov 15 01:57:20 2017	19	17	6::3	3544.43		0	1	1	0	0	0	0	0	test	-48	1	2529	3456	
22261	Wed Nov 15 01:57:33 2017	19	18	6::3	3544.43		1	0	0	1	0	0	1	0	test	4	2	2083	2914	
22261	Wed Nov 15 01:57:45 2017	19	19	6::3	3544.43		0	1	1	0	0	1	0	0	test	-28	1	2296	3159	
22261	Wed Nov 15 01:58:00 2017	19	20	6::3	3544.43		0	1	1	0	0	1	0	0	test	-22	1	2062	3525	
22261	Wed Nov 15 01:58:14 2017	19	21	6::3	3544.43		1	0	0	1	0	0	0	0	test	-48	2	1938	2929	
22261	Wed Nov 15 01:58:28 2017	19	22	6::3	3544.43		1	0	0	1	0	0	0	1	test	18	2	2133	3572	
22261	Wed Nov 15 01:58:40 2017	19	23	6::3	3544.43		0	1	1	0	0	1	0	0	test	-38	1	3434	4225	
22261	Wed Nov 15 01:58:54 2017	19	24	6::3	3544.43		0	1	1	0	0	1	0	0	test	-17	1	2032	3007	
22261	Wed Nov 15 01:59:08 2017	19	25	6::3	3544.43		1	0	0	1	0	0	1	0	test	13	2	2039	3398	
22261	Wed Nov 15 01:59:21 2017	19	26	6::3	3544.43		1	0	0	1	0	0	0	0	test	-43	2	1898	2672	
22261	Wed Nov 15 01:59:34 2017	19	27	6::3	3544.43		0	1	1	0	0	1	0	0	test	3	1	2483	3418	
22261	Wed Nov 15 01:59:46 2017	19	28	6::3	3544.43		1	0	0	1	0	0	0	1	test	27	2	2081	3280	
22261	Wed Nov 15 02:00:00 2017	19	29	6::3	3544.43		0	1	1	0	0	1	0	0	test	-28	2	2747	4802	
22261	Wed Nov 15 02:00:14 2017	19	30	6::3	3544.43		1	0	0	1	0	0	1	0	test	24	2	1978	2809	
22261	Wed Nov 15 02:00:28 2017	19	31	6::3	3544.43		1	0	0	1	0	0	0	1	test	27	2	2106	3201	
22261	Wed Nov 15 02:00:41 2017	19	32	6::3	3544.43		0	1	1	0	0	0	1	0	test	19	1	2612	3443	
22261	Wed Nov 15 02:00:53 2017	19	33	6::3	3544.43		1	0	0	1	0	0	0	1	test	17	2	2483	3434	
22261	Wed Nov 15 02:01:06 2017	19	34	6::3	3544.43		0	1	1	0	0	0	1	0	test	13	2	3077	3764	
22261	Wed Nov 15 02:01:19 2017	19	35	6::3	3544.43		1	0	0	1	0	0	0	0	test	-47	2	1706	2481	
22261	Wed Nov 15 02:01:31 2017	19	36	6::3	3544.43		1	0	0	1	0	0	1	0	test	13	2	2147	3066	
