version	timestamp	block number	trial number	lost msec	free VRAM	trial contents	is_CSplus	is_CSmin	do_tactor1	do_tactor2	do_tactor3	do_pulse1	do_pulse3	do_pulse5	phase	rating	button	rating_time	button_time	
22261	Tue May 23 09:05:46 2017	2	1	24::12	2263.71		0	1	1	0	0	0	0	0	baseline	-18	1	3695	5790	
22261	Tue May 23 09:06:00 2017	2	2	24::12	2263.71		0	1	1	0	0	0	0	0	baseline	-29	1	4566	6197	
22261	Tue May 23 09:06:14 2017	2	3	24::12	2263.71		1	0	0	1	0	0	0	0	baseline	-31	2	3371	4770	
22261	Tue May 23 09:06:27 2017	2	4	24::12	2263.71		1	0	0	1	0	0	0	0	baseline	-30	2	2738	3937	
22261	Tue May 23 09:06:42 2017	2	5	24::12	2263.71		0	1	1	0	0	0	0	0	baseline	-24	1	3132	4491	
22261	Tue May 23 09:06:56 2017	2	6	24::12	2263.71		1	0	0	1	0	0	0	0	baseline	-18	2	3747	4674	
22261	Tue May 23 09:07:11 2017	2	7	24::12	2263.71		1	0	0	1	0	0	0	0	baseline	-19	2	2802	3785	
22261	Tue May 23 09:07:23 2017	2	8	24::12	2263.71		0	1	1	0	0	0	0	0	baseline	-18	1	2702	4045	
22261	Tue May 23 09:07:36 2017	2	9	24::12	2263.71		1	0	0	1	0	0	0	0	baseline	-23	2	3177	4480	
22261	Tue May 23 09:07:49 2017	2	10	24::12	2263.71		0	1	1	0	0	0	0	0	baseline	-18	1	2094	3533	
22261	Tue May 23 09:08:14 2017	4	1	24::12	2263.71		1	0	0	1	0	0	0	1	acq	-7	2	3041	4176	
22261	Tue May 23 09:08:28 2017	4	2	24::12	2263.71		0	1	1	0	0	1	0	0	acq	-11	1	2266	3857	
22261	Tue May 23 09:08:42 2017	4	3	24::12	2263.71		0	1	1	0	0	1	0	0	acq	-11	1	2825	5272	
22261	Tue May 23 09:08:56 2017	4	4	24::12	2263.71		1	0	0	1	0	0	0	1	acq	-4	1	2997	4348	
22261	Tue May 23 09:09:11 2017	4	5	24::12	2263.71		1	0	0	1	0	0	0	1	acq	-6	2	2856	3903	
22261	Tue May 23 09:09:25 2017	4	6	24::12	2263.71		0	1	1	0	0	1	0	0	acq	-17	1	2339	4138	
22261	Tue May 23 09:09:38 2017	4	7	24::12	2263.71		0	1	1	0	0	1	0	0	acq	-35	1	1963	3162	
22261	Tue May 23 09:09:53 2017	4	8	24::12	2263.71		1	0	0	1	0	0	0	1	acq	-20	2	3371	4282	
22261	Tue May 23 09:11:45 2017	7	1	18::12	2263.71		0	1	1	0	0	1	0	0	acq	-37	1	4225	5384	
22261	Tue May 23 09:11:58 2017	7	2	24::12	2263.71		1	0	0	1	0	0	0	1	acq	-2	2	4932	6187	
22261	Tue May 23 09:12:10 2017	7	3	24::12	2263.71		1	0	0	1	0	0	0	1	acq	4	2	3807	4814	
22261	Tue May 23 09:12:24 2017	7	4	24::12	2263.71		0	1	1	0	0	1	0	0	acq	-7	1	2559	3846	
22261	Tue May 23 09:12:38 2017	7	5	24::12	2263.71		1	0	0	1	0	0	0	1	acq	9	2	3331	4594	
22261	Tue May 23 09:12:52 2017	7	6	24::12	2263.71		0	1	1	0	0	1	0	0	acq	-3	1	2397	3468	
22261	Tue May 23 09:13:07 2017	7	7	24::12	2263.71		0	1	1	0	0	1	0	0	acq	-10	1	2440	3487	
22261	Tue May 23 09:13:22 2017	7	8	24::12	2263.71		1	0	0	1	0	0	0	1	acq	0	2	3696	5087	
22261	Tue May 23 09:15:04 2017	10	1	18::12	2263.71		1	0	0	1	0	0	0	1	acq	2	2	4217	5616	
22261	Tue May 23 09:15:16 2017	10	2	24::12	2263.71		1	0	0	1	0	0	0	1	acq	18	2	3987	6210	
22261	Tue May 23 09:15:30 2017	10	3	24::12	2263.71		0	1	1	0	0	1	0	0	acq	-23	1	2419	4290	
22261	Tue May 23 09:15:44 2017	10	4	24::12	2263.71		0	1	1	0	0	1	0	0	acq	-32	1	4197	5332	
22261	Tue May 23 09:15:57 2017	10	5	24::12	2263.71		1	0	0	1	0	0	0	1	acq	19	2	3075	4090	
22261	Tue May 23 09:16:12 2017	10	6	24::12	2263.71		0	1	1	0	0	1	0	0	acq	-11	1	3785	6144	
22261	Tue May 23 09:16:27 2017	10	7	24::12	2263.71		0	1	1	0	0	1	0	0	acq	-11	1	2923	3874	
22261	Tue May 23 09:16:41 2017	10	8	24::12	2263.71		1	0	0	1	0	0	0	1	acq	3	2	3988	5299	
22261	Tue May 23 09:17:33 2017	13	1	18::12	2263.71		1	0	0	1	0	0	0	1	test	0	2	4945	6480	
22261	Tue May 23 09:17:47 2017	13	2	24::12	2263.71		1	0	0	1	0	0	0	1	test	9	2	2524	4738	
22261	Tue May 23 09:17:59 2017	13	3	24::12	2263.71		0	1	1	0	0	1	0	0	test	-12	1	2366	3613	
22261	Tue May 23 09:18:14 2017	13	4	24::12	2263.71		0	1	1	0	0	0	0	0	test	-9	1	2152	3239	
22261	Tue May 23 09:18:28 2017	13	5	24::12	2263.71		1	0	0	1	0	0	0	0	test	-34	2	4656	6335	
22261	Tue May 23 09:18:40 2017	13	6	24::12	2263.71		0	1	1	0	0	1	0	0	test	-3	1	2393	3296	
22261	Tue May 23 09:18:54 2017	13	7	24::12	2263.71		0	1	1	0	0	1	0	0	test	0	1	2438	3669	
22261	Tue May 23 09:19:07 2017	13	8	24::12	2263.71		1	0	0	1	0	0	0	0	test	-40	2	2993	4376	
22261	Tue May 23 09:19:20 2017	13	9	24::12	2263.71		0	1	1	0	0	1	0	0	test	1	1	2406	3765	
22261	Tue May 23 09:19:34 2017	13	10	24::12	2263.71		0	1	1	0	0	0	1	0	test	2	1	3460	4715	
22261	Tue May 23 09:19:47 2017	13	11	24::12	2263.71		1	0	0	1	0	0	0	1	test	13	1	2593	3623	
22261	Tue May 23 09:20:00 2017	13	12	24::12	2263.71		1	0	0	1	0	0	0	1	test	19	1	3804	5187	
22261	Tue May 23 09:20:12 2017	13	13	24::12	2263.71		0	1	1	0	0	1	0	0	test	-8	1	3817	5232	
22261	Tue May 23 09:20:24 2017	13	14	24::12	2263.71		0	1	1	0	0	0	1	0	test	1	1	3196	4651	
22261	Tue May 23 09:20:37 2017	13	15	24::12	2263.71		1	0	0	1	0	0	0	1	test	16	1	3265	5576	
22261	Tue May 23 09:20:52 2017	13	16	24::12	2263.71		0	1	1	0	0	1	0	0	test	-8	1	2653	3596	
22261	Tue May 23 09:21:06 2017	13	17	24::12	2263.71		1	0	0	1	0	0	0	1	test	3	2	2872	3878	
22261	Tue May 23 09:21:19 2017	13	18	24::12	2263.71		1	0	0	1	0	0	0	1	test	11	2	2840	3959	
22261	Tue May 23 09:21:32 2017	13	19	24::12	2263.71		0	1	1	0	0	0	1	0	test	8	1	2070	3109	
22261	Tue May 23 09:21:44 2017	13	20	24::12	2263.71		1	0	0	1	0	0	0	1	test	21	2	2206	3509	
22261	Tue May 23 09:21:59 2017	13	21	24::12	2263.71		0	1	1	0	0	0	1	0	test	1	2	2712	3855	
22261	Tue May 23 09:22:12 2017	13	22	24::12	2263.71		0	1	1	0	0	1	0	0	test	-4	1	2834	3921	
22261	Tue May 23 09:22:24 2017	13	23	24::12	2263.71		1	0	0	1	0	0	1	0	test	0	2	3791	5014	
22261	Tue May 23 09:22:38 2017	13	24	24::12	2263.71		1	0	0	1	0	0	1	0	test	5	1	3048	5055	
22261	Tue May 23 09:22:51 2017	13	25	24::12	2263.71		0	1	1	0	0	0	1	0	test	6	1	2212	3475	
22261	Tue May 23 09:23:05 2017	13	26	24::12	2263.71		1	0	0	1	0	0	0	1	test	26	1	2542	4261	
22261	Tue May 23 09:23:19 2017	13	27	24::12	2263.71		1	0	0	1	0	0	0	1	test	21	2	2612	3587	
22261	Tue May 23 09:23:32 2017	13	28	24::12	2263.71		0	1	1	0	0	1	0	0	test	-23	1	2718	4709	
22261	Tue May 23 09:23:47 2017	13	29	24::12	2263.71		1	0	0	1	0	0	1	0	test	11	2	3253	4140	
22261	Tue May 23 09:24:00 2017	13	30	24::12	2263.71		1	0	0	1	0	0	1	0	test	3	2	2888	3959	
22261	Tue May 23 09:24:15 2017	13	31	24::12	2263.71		0	1	1	0	0	0	0	0	test	-40	1	3149	4228	
22261	Tue May 23 09:24:29 2017	13	32	24::12	2263.71		1	0	0	1	0	0	1	0	test	3	2	4323	5162	
22261	Tue May 23 09:24:43 2017	13	33	24::12	2263.71		0	1	1	0	0	1	0	0	test	-9	1	3318	4765	
22261	Tue May 23 09:24:57 2017	13	34	24::12	2263.71		0	1	1	0	0	0	0	0	test	-40	1	2675	4226	
22261	Tue May 23 09:25:10 2017	13	35	24::12	2263.71		1	0	0	1	0	0	0	0	test	-35	2	2362	3457	
22261	Tue May 23 09:25:25 2017	13	36	24::12	2263.71		0	1	1	0	0	1	0	0	test	-15	1	2521	3384	
22261	Tue May 23 09:26:36 2017	16	1	18::12	2263.71		0	1	1	0	0	1	0	0	test	-6	1	4017	5288	
22261	Tue May 23 09:26:49 2017	16	2	24::12	2263.71		1	0	0	1	0	0	1	0	test	9	2	3354	4689	
22261	Tue May 23 09:27:03 2017	16	3	24::12	2263.71		0	1	1	0	0	1	0	0	test	-3	1	2795	5194	
22261	Tue May 23 09:27:18 2017	16	4	24::12	2263.71		1	0	0	1	0	0	1	0	test	13	2	3483	4386	
22261	Tue May 23 09:27:32 2017	16	5	24::12	2263.71		0	1	1	0	0	0	1	0	test	2	2	2751	3838	
22261	Tue May 23 09:27:45 2017	16	6	24::12	2263.71		0	1	1	0	0	0	0	0	test	-37	1	1969	2911	
22261	Tue May 23 09:27:59 2017	16	7	24::12	2263.71		1	0	0	1	0	0	0	1	test	19	1	2938	4025	
22261	Tue May 23 09:28:13 2017	16	8	24::12	2263.71		0	1	1	0	0	1	0	0	test	-17	1	2086	3389	
22261	Tue May 23 09:28:26 2017	16	9	24::12	2263.71		0	1	1	0	0	0	0	0	test	-46	1	2529	3656	
22261	Tue May 23 09:28:39 2017	16	10	24::12	2263.71		1	0	0	1	0	0	0	1	test	28	2	2985	4176	
22261	Tue May 23 09:28:54 2017	16	11	24::12	2263.71		1	0	0	1	0	0	0	1	test	27	2	2723	3882	
22261	Tue May 23 09:29:08 2017	16	12	24::12	2263.71		0	1	1	0	0	0	1	0	test	-33	2	2370	5473	
22261	Tue May 23 09:29:22 2017	16	13	24::12	2263.71		1	0	0	1	0	0	1	0	test	1	2	2245	3324	
22261	Tue May 23 09:29:34 2017	16	14	24::12	2263.71		1	0	0	1	0	0	0	1	test	5	2	3690	6713	
22261	Tue May 23 09:29:46 2017	16	15	24::12	2263.71		0	1	1	0	0	1	0	0	test	-13	1	3394	4393	
22261	Tue May 23 09:30:01 2017	16	16	24::12	2263.71		0	1	1	0	0	1	0	0	test	-23	1	2752	4175	
22261	Tue May 23 09:30:15 2017	16	17	24::12	2263.71		1	0	0	1	0	0	1	0	test	2	2	2720	3807	
22261	Tue May 23 09:30:28 2017	16	18	24::12	2263.71		1	0	0	1	0	0	0	1	test	25	2	2862	4285	
22261	Tue May 23 09:30:42 2017	16	19	24::12	2263.71		0	1	1	0	0	1	0	0	test	-4	1	2013	2964	
22261	Tue May 23 09:30:57 2017	16	20	24::12	2263.71		0	1	1	0	0	1	0	0	test	-4	1	3082	4265	
22261	Tue May 23 09:31:11 2017	16	21	24::12	2263.71		1	0	0	1	0	0	0	1	test	21	2	1750	2925	
22261	Tue May 23 09:31:23 2017	16	22	24::12	2263.71		1	0	0	1	0	0	1	0	test	7	2	4211	5826	
22261	Tue May 23 09:31:38 2017	16	23	24::12	2263.71		0	1	1	0	0	0	0	0	test	-33	1	2006	3085	
22261	Tue May 23 09:31:51 2017	16	24	24::12	2263.71		1	0	0	1	0	0	0	1	test	26	2	1815	3510	
22261	Tue May 23 09:32:06 2017	16	25	24::12	2263.71		1	0	0	1	0	0	0	0	test	-17	2	2418	3929	
22261	Tue May 23 09:32:18 2017	16	26	24::12	2263.71		0	1	1	0	0	0	1	0	test	4	1	2580	3899	
22261	Tue May 23 09:32:32 2017	16	27	24::12	2263.71		1	0	0	1	0	0	0	0	test	-42	2	3002	4361	
22261	Tue May 23 09:32:46 2017	16	28	24::12	2263.71		0	1	1	0	0	0	1	0	test	6	1	2072	3711	
22261	Tue May 23 09:33:00 2017	16	29	24::12	2263.71		1	0	0	1	0	0	0	1	test	12	2	2453	3636	
22261	Tue May 23 09:33:15 2017	16	30	24::12	2263.71		0	1	1	0	0	1	0	0	test	-4	1	2043	2858	
22261	Tue May 23 09:33:29 2017	16	31	24::12	2263.71		0	1	1	0	0	1	0	0	test	-13	1	2397	3924	
22261	Tue May 23 09:33:44 2017	16	32	24::12	2263.71		1	0	0	1	0	0	0	1	test	7	2	3536	4855	
22261	Tue May 23 09:33:56 2017	16	33	24::12	2263.71		1	0	0	1	0	0	0	0	test	-42	2	2249	3216	
22261	Tue May 23 09:34:11 2017	16	34	24::12	2263.71		0	1	1	0	0	1	0	0	test	0	1	3636	4683	
22261	Tue May 23 09:34:24 2017	16	35	24::12	2263.71		1	0	0	1	0	0	0	1	test	12	1	6041	7088	
22261	Tue May 23 09:34:37 2017	16	36	24::12	2263.71		0	1	1	0	0	0	1	0	test	4	1	4055	5182	
22261	Tue May 23 09:35:41 2017	19	1	18::12	2263.71		0	1	1	0	0	0	1	0	test	3	2	5664	6879	
22261	Tue May 23 09:35:56 2017	19	2	24::12	2263.71		1	0	0	1	0	0	0	1	test	26	2	2543	3422	
22261	Tue May 23 09:36:08 2017	19	3	24::12	2263.71		0	1	1	0	0	1	0	0	test	-2	1	2259	3234	
22261	Tue May 23 09:36:22 2017	19	4	24::12	2263.71		0	1	1	0	0	1	0	0	test	-2	1	3363	4265	
22261	Tue May 23 09:36:36 2017	19	5	24::12	2263.71		1	0	0	1	0	0	0	1	test	15	2	2406	3677	
22261	Tue May 23 09:36:49 2017	19	6	24::12	2263.71		1	0	0	1	0	0	1	0	test	8	2	4011	5634	
22261	Tue May 23 09:37:02 2017	19	7	24::12	2263.71		0	1	1	0	0	1	0	0	test	-2	1	2261	3276	
22261	Tue May 23 09:37:14 2017	19	8	24::12	2263.71		0	1	1	0	0	1	0	0	test	-5	1	5262	6181	
22261	Tue May 23 09:37:26 2017	19	9	24::12	2263.71		1	0	0	1	0	0	0	1	test	21	2	3151	4294	
22261	Tue May 23 09:37:40 2017	19	10	24::12	2263.71		1	0	0	1	0	0	0	1	test	26	2	3668	4779	
22261	Tue May 23 09:37:53 2017	19	11	24::12	2263.71		0	1	1	0	0	1	0	0	test	0	1	2875	3706	
22261	Tue May 23 09:38:06 2017	19	12	24::12	2263.71		1	0	0	1	0	0	1	0	test	3	2	2634	5441	
22261	Tue May 23 09:38:18 2017	19	13	24::12	2263.71		0	1	1	0	0	0	1	0	test	2	2	2770	4953	
22261	Tue May 23 09:38:31 2017	19	14	24::12	2263.71		1	0	0	1	0	0	1	0	test	4	2	2323	3586	
22261	Tue May 23 09:38:45 2017	19	15	24::12	2263.71		0	1	1	0	0	0	0	0	test	-33	1	1936	2959	
22261	Tue May 23 09:38:58 2017	19	16	24::12	2263.71		0	1	1	0	0	0	0	0	test	-38	1	5482	6761	
22261	Tue May 23 09:39:11 2017	19	17	24::12	2263.71		1	0	0	1	0	0	0	0	test	-38	1	2858	4937	
22261	Tue May 23 09:39:24 2017	19	18	24::12	2263.71		1	0	0	1	0	0	0	1	test	11	2	2364	3243	
22261	Tue May 23 09:39:37 2017	19	19	24::12	2263.71		0	1	1	0	0	0	1	0	test	28	1	3236	5803	
22261	Tue May 23 09:39:51 2017	19	20	24::12	2263.71		0	1	1	0	0	1	0	0	test	-9	1	2285	3332	
22261	Tue May 23 09:40:04 2017	19	21	24::12	2263.71		1	0	0	1	0	0	1	0	test	5	2	3454	4309	
22261	Tue May 23 09:40:17 2017	19	22	24::12	2263.71		0	1	1	0	0	0	1	0	test	4	2	2318	3085	
22261	Tue May 23 09:40:30 2017	19	23	24::12	2263.71		0	1	1	0	0	1	0	0	test	-15	1	2113	3024	
22261	Tue May 23 09:40:44 2017	19	24	24::12	2263.71		1	0	0	1	0	0	0	0	test	-36	2	2170	3169	
22261	Tue May 23 09:40:57 2017	19	25	24::12	2263.71		0	1	1	0	0	0	0	0	test	-45	1	2647	3646	
22261	Tue May 23 09:41:10 2017	19	26	24::12	2263.71		0	1	1	0	0	1	0	0	test	-4	1	4137	5112	
22261	Tue May 23 09:41:23 2017	19	27	24::12	2263.71		1	0	0	1	0	0	0	1	test	25	1	2423	3606	
22261	Tue May 23 09:41:37 2017	19	28	24::12	2263.71		1	0	0	1	0	0	0	1	test	25	1	3606	7125	
22261	Tue May 23 09:41:49 2017	19	29	24::12	2263.71		0	1	1	0	0	1	0	0	test	-5	1	3187	4322	
22261	Tue May 23 09:42:03 2017	19	30	24::12	2263.71		1	0	0	1	0	0	0	1	test	19	1	4026	5418	
22261	Tue May 23 09:42:15 2017	19	31	24::12	2263.71		1	0	0	1	0	0	0	0	test	-30	2	3002	4041	
22261	Tue May 23 09:42:30 2017	19	32	24::12	2263.71		0	1	1	0	0	0	1	0	test	3	1	2149	3732	
22261	Tue May 23 09:42:42 2017	19	33	24::12	2263.71		0	1	1	0	0	1	0	0	test	-3	1	2452	3539	
22261	Tue May 23 09:42:55 2017	19	34	24::12	2263.71		1	0	0	1	0	0	0	1	test	22	2	2119	3086	
22261	Tue May 23 09:43:09 2017	19	35	24::12	2263.71		1	0	0	1	0	0	1	0	test	2	2	2124	3259	
22261	Tue May 23 09:43:24 2017	19	36	24::12	2263.71		1	0	0	1	0	0	0	1	test	16	2	2196	3163	
