version	timestamp	block number	trial number	lost msec	free VRAM	trial contents	is_CSplus	is_CSmin	do_tactor1	do_tactor2	do_tactor3	do_pulse1	do_pulse3	do_pulse5	phase	rating	button	rating_time	button_time	
22261	Thu Oct 26 01:45:31 2017	2	1	7::4	3544.43		0	1	1	0	0	0	0	0	baseline	-48	1	2657	4912	
22261	Thu Oct 26 01:45:45 2017	2	2	6::3	3544.43		0	1	1	0	0	0	0	0	baseline	-50	1	2487	3678	
22261	Thu Oct 26 01:45:57 2017	2	3	6::3	3544.43		1	0	0	1	0	0	0	0	baseline	-49	2	3959	4958	
22261	Thu Oct 26 01:46:10 2017	2	4	6::3	3544.43		1	0	0	1	0	0	0	0	baseline	-50	2	2374	3293	
22261	Thu Oct 26 01:46:24 2017	2	5	6::3	3544.43		0	1	1	0	0	0	0	0	baseline	-49	2	2912	4167	
22261	Thu Oct 26 01:46:39 2017	2	6	6::3	3544.43		1	0	0	1	0	0	0	0	baseline	-49	2	2396	3643	
22261	Thu Oct 26 01:46:52 2017	2	7	6::3	3544.43		0	1	1	0	0	0	0	0	baseline	-49	1	2418	3697	
22261	Thu Oct 26 01:47:05 2017	2	8	6::3	3544.43		1	0	0	1	0	0	0	0	baseline	-49	2	2481	4288	
22261	Thu Oct 26 01:47:19 2017	2	9	7::4	3544.43		1	0	0	1	0	0	0	0	baseline	-49	2	2260	3187	
22261	Thu Oct 26 01:47:32 2017	2	10	6::3	3544.43		0	1	1	0	0	0	0	0	baseline	-49	1	2089	3152	
22261	Thu Oct 26 01:47:59 2017	4	1	6::3	3544.43		0	1	1	0	0	1	0	0	acq	-48	1	4721	6792	
22261	Thu Oct 26 01:48:13 2017	4	2	6::3	3544.43		1	0	0	1	0	0	0	1	acq	-28	2	4624	7055	
22261	Thu Oct 26 01:48:28 2017	4	3	6::3	3544.43		0	1	1	0	0	1	0	0	acq	-47	1	2230	3541	
22261	Thu Oct 26 01:48:43 2017	4	4	6::3	3544.43		0	1	1	0	0	1	0	0	acq	-37	1	3569	5015	
22261	Thu Oct 26 01:48:56 2017	4	5	6::3	3544.43		1	0	0	1	0	0	0	1	acq	-15	1	4650	6241	
22261	Thu Oct 26 01:49:09 2017	4	6	6::3	3544.43		0	1	1	0	0	1	0	0	acq	-46	1	2574	5197	
22261	Thu Oct 26 01:49:21 2017	4	7	6::3	3544.43		1	0	0	1	0	0	0	1	acq	-14	2	3653	5412	
22261	Thu Oct 26 01:49:36 2017	4	8	6::3	3544.43		1	0	0	1	0	0	0	1	acq	-5	1	4044	5651	
22261	Thu Oct 26 01:52:44 2017	7	1	6::3	3544.43		1	0	0	1	0	0	0	1	acq	17	1	3808	6335	
22261	Thu Oct 26 01:52:58 2017	7	2	6::3	3544.43		0	1	1	0	0	1	0	0	acq	9	1	3757	4740	
22261	Thu Oct 26 01:53:12 2017	7	3	6::3	3544.43		1	0	0	1	0	0	0	1	acq	24	2	5315	7506	
22261	Thu Oct 26 01:53:25 2017	7	4	6::3	3544.43		0	1	1	0	0	1	0	0	acq	5	1	4247	5654	
22261	Thu Oct 26 01:53:39 2017	7	5	6::3	3544.43		0	1	1	0	0	1	0	0	acq	-3	1	4847	7246	
22261	Thu Oct 26 01:53:51 2017	7	6	6::3	3544.43		1	0	0	1	0	0	0	1	acq	21	2	4765	6476	
22261	Thu Oct 26 01:54:05 2017	7	7	6::3	3544.43		1	0	0	1	0	0	0	1	acq	24	1	4408	5831	
22261	Thu Oct 26 01:54:17 2017	7	8	9::3	3544.43		0	1	1	0	0	1	0	0	acq	3	1	3303	4534	
22261	Thu Oct 26 01:55:58 2017	10	1	6::3	3544.43		0	1	1	0	0	1	0	0	acq	-15	1	5760	7823	
22261	Thu Oct 26 01:56:10 2017	10	2	6::3	3544.43		1	0	0	1	0	0	0	1	acq	17	2	3160	4519	
22261	Thu Oct 26 01:56:23 2017	10	3	6::3	3544.43		0	1	1	0	0	1	0	0	acq	-13	1	3239	4118	
22261	Thu Oct 26 01:56:38 2017	10	4	6::3	3544.43		1	0	0	1	0	0	0	1	acq	17	2	4071	4966	
22261	Thu Oct 26 01:56:52 2017	10	5	6::3	3544.43		1	0	0	1	0	0	0	1	acq	25	1	4187	6362	
22261	Thu Oct 26 01:57:04 2017	10	6	6::3	3544.43		0	1	1	0	0	1	0	0	acq	-8	1	2768	3583	
22261	Thu Oct 26 01:57:17 2017	10	7	6::3	3544.43		1	0	0	1	0	0	0	1	acq	21	1	3568	5399	
22261	Thu Oct 26 01:57:29 2017	10	8	6::3	3544.43		0	1	1	0	0	1	0	0	acq	-15	1	3360	4655	
22261	Thu Oct 26 01:58:57 2017	13	1	6::3	3544.43		1	0	0	1	0	0	0	1	test	22	1	4384	5935	
22261	Thu Oct 26 01:59:11 2017	13	2	6::3	3544.43		1	0	0	1	0	0	0	0	test	-48	2	3834	4865	
22261	Thu Oct 26 01:59:24 2017	13	3	6::3	3544.43		0	1	1	0	0	1	0	0	test	2	1	4066	5009	
22261	Thu Oct 26 01:59:37 2017	13	4	6::3	3544.43		0	1	1	0	0	1	0	0	test	-3	1	3837	5468	
22261	Thu Oct 26 01:59:50 2017	13	5	6::3	3544.43		1	0	0	1	0	0	0	1	test	15	1	3472	4655	
22261	Thu Oct 26 02:00:03 2017	13	6	6::3	3544.43		0	1	1	0	0	0	1	0	test	2	2	3597	6548	
22261	Thu Oct 26 02:00:17 2017	13	7	6::3	3544.43		0	1	1	0	0	1	0	0	test	-20	2	2757	4892	
22261	Thu Oct 26 02:00:30 2017	13	8	6::3	3544.43		1	0	0	1	0	0	0	1	test	18	2	4484	5403	
22261	Thu Oct 26 02:00:43 2017	13	9	6::3	3544.43		1	0	0	1	0	0	1	0	test	10	2	3179	4538	
22261	Thu Oct 26 02:00:56 2017	13	10	6::3	3544.43		0	1	1	0	0	1	0	0	test	-23	1	2873	4040	
22261	Thu Oct 26 02:01:09 2017	13	11	6::3	3544.43		0	1	1	0	0	0	0	0	test	-48	1	2934	4253	
22261	Thu Oct 26 02:01:22 2017	13	12	6::3	3544.43		1	0	0	1	0	0	0	1	test	17	1	4474	5481	
22261	Thu Oct 26 02:01:35 2017	13	13	6::3	3544.43		0	1	1	0	0	1	0	0	test	-14	1	2202	4929	
22261	Thu Oct 26 02:01:48 2017	13	14	6::3	3544.43		0	1	1	0	0	1	0	0	test	-1	1	6170	7921	
22261	Thu Oct 26 02:02:01 2017	13	15	6::3	3544.43		1	0	0	1	0	0	0	1	test	20	1	4014	5781	
22261	Thu Oct 26 02:02:15 2017	13	16	6::3	3544.43		0	1	1	0	0	0	0	0	test	-49	1	2807	4102	
22261	Thu Oct 26 02:02:28 2017	13	17	6::3	3544.43		0	1	1	0	0	1	0	0	test	-6	1	3465	4456	
22261	Thu Oct 26 02:02:43 2017	13	18	6::3	3544.43		1	0	0	1	0	0	0	1	test	20	1	4054	5541	
22261	Thu Oct 26 02:02:58 2017	13	19	6::3	3544.43		1	0	0	1	0	0	1	0	test	22	2	3421	4668	
22261	Thu Oct 26 02:03:11 2017	13	20	6::3	3544.43		0	1	1	0	0	1	0	0	test	-9	1	2189	4212	
22261	Thu Oct 26 02:03:23 2017	13	21	6::3	3544.43		0	1	1	0	0	1	0	0	test	-4	1	3087	4806	
22261	Thu Oct 26 02:03:36 2017	13	22	6::3	3544.43		1	0	0	1	0	0	1	0	test	23	1	4348	6299	
22261	Thu Oct 26 02:03:50 2017	13	23	6::3	3544.43		0	1	1	0	0	0	1	0	test	10	1	3982	6357	
22261	Thu Oct 26 02:04:03 2017	13	24	6::3	3544.43		1	0	0	1	0	0	0	1	test	22	2	4403	6722	
22261	Thu Oct 26 02:04:16 2017	13	25	9::3	3544.43		0	1	1	0	0	0	1	0	test	5	1	3238	4877	
22261	Thu Oct 26 02:04:29 2017	13	26	6::3	3544.43		1	0	0	1	0	0	0	1	test	26	1	3983	5445	
22261	Thu Oct 26 02:04:42 2017	13	27	6::3	3544.43		1	0	0	1	0	0	0	1	test	28	1	3454	5309	
22261	Thu Oct 26 02:04:55 2017	13	28	6::3	3544.43		0	1	1	0	0	1	0	0	test	-26	1	2893	3884	
22261	Thu Oct 26 02:05:07 2017	13	29	6::3	3544.43		1	0	0	1	0	0	0	1	test	26	2	3082	4129	
22261	Thu Oct 26 02:05:19 2017	13	30	6::3	3544.43		0	1	1	0	0	0	0	0	test	-48	1	3177	4328	
22261	Thu Oct 26 02:05:31 2017	13	31	6::3	3544.43		1	0	0	1	0	0	0	0	test	-49	2	2508	3779	
22261	Thu Oct 26 02:05:45 2017	13	32	6::3	3544.43		1	0	0	1	0	0	1	0	test	13	2	4463	6142	
22261	Thu Oct 26 02:05:59 2017	13	33	6::3	3544.43		0	1	1	0	0	0	1	0	test	13	1	4158	5869	
22261	Thu Oct 26 02:06:13 2017	13	34	6::3	3544.43		1	0	0	1	0	0	1	0	test	13	1	2921	5072	
22261	Thu Oct 26 02:06:26 2017	13	35	6::3	3544.43		1	0	0	1	0	0	0	0	test	-49	2	2314	3721	
22261	Thu Oct 26 02:06:40 2017	13	36	6::3	3544.43		0	1	1	0	0	0	1	0	test	13	1	3350	6325	
22261	Thu Oct 26 02:08:34 2017	16	1	6::3	3544.43		0	1	1	0	0	1	0	0	test	-1	1	4304	5687	
22261	Thu Oct 26 02:08:48 2017	16	2	6::3	3544.43		0	1	1	0	0	0	0	0	test	-49	1	2822	4085	
22261	Thu Oct 26 02:09:00 2017	16	3	6::3	3544.43		1	0	0	1	0	0	1	0	test	19	2	4684	5851	
22261	Thu Oct 26 02:09:13 2017	16	4	6::3	3544.43		1	0	0	1	0	0	0	1	test	23	2	3832	5591	
22261	Thu Oct 26 02:09:28 2017	16	5	6::3	3544.43		0	1	1	0	0	0	1	0	test	8	2	3606	4829	
22261	Thu Oct 26 02:09:42 2017	16	6	6::3	3544.43		0	1	1	0	0	0	1	0	test	-1	1	6224	8199	
22261	Thu Oct 26 02:09:55 2017	16	7	6::3	3544.43		1	0	0	1	0	0	0	0	test	-49	2	2910	4005	
22261	Thu Oct 26 02:10:08 2017	16	8	6::3	3544.43		1	0	0	1	0	0	1	0	test	20	1	4938	6025	
22261	Thu Oct 26 02:10:22 2017	16	9	6::3	3544.43		0	1	1	0	0	1	0	0	test	-35	1	4195	5210	
22261	Thu Oct 26 02:10:35 2017	16	10	6::3	3544.43		1	0	0	1	0	0	0	1	test	18	1	4617	5432	
22261	Thu Oct 26 02:10:50 2017	16	11	6::3	3544.43		0	1	1	0	0	1	0	0	test	-9	1	6914	8713	
22261	Thu Oct 26 02:11:02 2017	16	12	6::3	3544.43		1	0	0	1	0	0	0	1	test	24	1	4486	5797	
22261	Thu Oct 26 02:11:17 2017	16	13	6::3	3544.43		1	0	0	1	0	0	0	1	test	23	1	3535	4606	
22261	Thu Oct 26 02:11:32 2017	16	14	6::3	3544.43		0	1	1	0	0	1	0	0	test	-15	1	2756	4978	
22261	Thu Oct 26 02:11:45 2017	16	15	6::3	3544.43		0	1	1	0	0	1	0	0	test	-21	1	4809	5880	
22261	Thu Oct 26 02:11:59 2017	16	16	6::3	3544.43		1	0	0	1	0	0	0	1	test	22	2	3193	4560	
22261	Thu Oct 26 02:12:11 2017	16	17	6::3	3544.43		0	1	1	0	0	0	0	0	test	-49	1	2353	3392	
22261	Thu Oct 26 02:12:26 2017	16	18	6::3	3544.43		0	1	1	0	0	0	1	0	test	11	1	3272	4103	
22261	Thu Oct 26 02:12:39 2017	16	19	6::3	3544.43		1	0	0	1	0	0	0	1	test	24	2	2394	4185	
22261	Thu Oct 26 02:12:51 2017	16	20	6::3	3544.43		0	1	1	0	0	1	0	0	test	-19	1	3451	4778	
22261	Thu Oct 26 02:13:05 2017	16	21	7::4	3544.43		1	0	0	1	0	0	0	0	test	-49	2	2344	3415	
22261	Thu Oct 26 02:13:19 2017	16	22	6::3	3544.43		1	0	0	1	0	0	0	1	test	21	1	2952	5575	
22261	Thu Oct 26 02:13:34 2017	16	23	6::3	3544.43		0	1	1	0	0	1	0	0	test	-20	1	3380	4499	
22261	Thu Oct 26 02:13:48 2017	16	24	6::3	3544.43		0	1	1	0	0	0	1	0	test	7	1	3349	5100	
22261	Thu Oct 26 02:14:03 2017	16	25	6::3	3544.43		1	0	0	1	0	0	1	0	test	15	2	2674	4161	
22261	Thu Oct 26 02:14:15 2017	16	26	6::3	3544.43		0	1	1	0	0	1	0	0	test	-33	1	3159	4358	
22261	Thu Oct 26 02:14:30 2017	16	27	6::3	3544.43		1	0	0	1	0	0	0	0	test	-48	2	2770	3921	
22261	Thu Oct 26 02:14:44 2017	16	28	6::3	3544.43		0	1	1	0	0	0	1	0	test	17	1	3359	4694	
22261	Thu Oct 26 02:14:57 2017	16	29	6::3	3544.43		1	0	0	1	0	0	0	1	test	25	2	2759	4814	
22261	Thu Oct 26 02:15:10 2017	16	30	6::3	3544.43		0	1	1	0	0	1	0	0	test	-37	1	2876	3867	
22261	Thu Oct 26 02:15:24 2017	16	31	6::3	3544.43		1	0	0	1	0	0	0	1	test	23	2	3010	3897	
22261	Thu Oct 26 02:15:39 2017	16	32	6::3	3544.43		1	0	0	1	0	0	0	1	test	23	1	3037	5428	
22261	Thu Oct 26 02:15:51 2017	16	33	6::3	3544.43		0	1	1	0	0	0	0	0	test	-49	1	2790	3957	
22261	Thu Oct 26 02:16:04 2017	16	34	6::3	3544.43		0	1	1	0	0	1	0	0	test	-28	1	2428	3939	
22261	Thu Oct 26 02:16:17 2017	16	35	6::3	3544.43		1	0	0	1	0	0	1	0	test	18	2	1951	3006	
22261	Thu Oct 26 02:16:30 2017	16	36	6::3	3544.43		1	0	0	1	0	0	1	0	test	18	1	2894	5061	
22261	Thu Oct 26 02:18:51 2017	19	1	6::3	3544.43		0	1	1	0	0	1	0	0	test	-3	1	6528	10263	
22261	Thu Oct 26 02:19:05 2017	19	2	6::3	3544.43		1	0	0	1	0	0	1	0	test	8	1	4553	5520	
22261	Thu Oct 26 02:19:18 2017	19	3	6::3	3544.43		1	0	0	1	0	0	1	0	test	5	2	4001	4968	
22261	Thu Oct 26 02:19:31 2017	19	4	6::3	3544.43		0	1	1	0	0	1	0	0	test	-8	1	4240	5223	
22261	Thu Oct 26 02:19:44 2017	19	5	6::3	3544.43		1	0	0	1	0	0	0	0	test	-49	2	2166	3237	
22261	Thu Oct 26 02:19:57 2017	19	6	6::3	3544.43		1	0	0	1	0	0	0	1	test	20	1	2575	3670	
22261	Thu Oct 26 02:20:11 2017	19	7	6::3	3544.43		0	1	1	0	0	1	0	0	test	-11	1	4707	5562	
22261	Thu Oct 26 02:20:25 2017	19	8	6::3	3544.43		0	1	1	0	0	1	0	0	test	-3	1	5606	6581	
22261	Thu Oct 26 02:20:38 2017	19	9	6::3	3544.43		1	0	0	1	0	0	0	1	test	23	2	3079	5030	
22261	Thu Oct 26 02:20:51 2017	19	10	6::3	3544.43		0	1	1	0	0	0	1	0	test	10	1	4546	5561	
22261	Thu Oct 26 02:21:05 2017	19	11	6::3	3544.43		1	0	0	1	0	0	0	1	test	23	1	5347	6858	
22261	Thu Oct 26 02:21:18 2017	19	12	6::3	3544.43		1	0	0	1	0	0	0	1	test	22	1	2387	3898	
22261	Thu Oct 26 02:21:32 2017	19	13	6::3	3544.43		0	1	1	0	0	1	0	0	test	-15	1	4143	5558	
22261	Thu Oct 26 02:21:46 2017	19	14	6::3	3544.43		1	0	0	1	0	0	1	0	test	10	1	2516	4475	
22261	Thu Oct 26 02:21:58 2017	19	15	6::3	3544.43		0	1	1	0	0	0	1	0	test	19	1	4036	6003	
22261	Thu Oct 26 02:22:13 2017	19	16	6::3	3544.43		0	1	1	0	0	0	1	0	test	18	2	4070	5493	
22261	Thu Oct 26 02:22:27 2017	19	17	6::3	3544.43		1	0	0	1	0	0	0	0	test	-49	2	2147	3418	
22261	Thu Oct 26 02:22:40 2017	19	18	6::3	3544.43		1	0	0	1	0	0	1	0	test	11	1	2707	5954	
22261	Thu Oct 26 02:22:55 2017	19	19	6::3	3544.43		0	1	1	0	0	0	1	0	test	12	2	2843	4346	
22261	Thu Oct 26 02:23:10 2017	19	20	6::3	3544.43		0	1	1	0	0	1	0	0	test	-1	1	3995	6402	
22261	Thu Oct 26 02:23:23 2017	19	21	6::3	3544.43		1	0	0	1	0	0	0	1	test	23	1	2860	5027	
22261	Thu Oct 26 02:23:37 2017	19	22	6::3	3544.43		0	1	1	0	0	1	0	0	test	-9	1	4121	6080	
22261	Thu Oct 26 02:23:49 2017	19	23	6::3	3544.43		1	0	0	1	0	0	0	1	test	25	2	2708	6179	
22261	Thu Oct 26 02:24:02 2017	19	24	6::3	3544.43		1	0	0	1	0	0	1	0	test	3	1	3896	5711	
22261	Thu Oct 26 02:24:16 2017	19	25	6::3	3544.43		0	1	1	0	0	0	0	0	test	-49	1	2096	3023	
22261	Thu Oct 26 02:24:28 2017	19	26	6::3	3544.43		1	0	0	1	0	0	0	1	test	20	2	4214	5045	
22261	Thu Oct 26 02:24:41 2017	19	27	6::3	3544.43		1	0	0	1	0	0	0	1	test	12	2	4202	5209	
22261	Thu Oct 26 02:24:55 2017	19	28	6::3	3544.43		0	1	1	0	0	0	0	0	test	-49	1	1993	3024	
22261	Thu Oct 26 02:25:10 2017	19	29	6::3	3544.43		0	1	1	0	0	1	0	0	test	-12	1	5041	6728	
22261	Thu Oct 26 02:25:25 2017	19	30	6::3	3544.43		1	0	0	1	0	0	0	0	test	-49	2	2388	3451	
22261	Thu Oct 26 02:25:38 2017	19	31	6::3	3544.43		0	1	1	0	0	0	0	0	test	-48	1	2068	3619	
22261	Thu Oct 26 02:25:51 2017	19	32	6::3	3544.43		0	1	1	0	0	0	1	0	test	9	1	2283	3298	
22261	Thu Oct 26 02:26:04 2017	19	33	6::3	3544.43		1	0	0	1	0	0	0	1	test	21	1	2485	3980	
22261	Thu Oct 26 02:26:18 2017	19	34	6::3	3544.43		0	1	1	0	0	1	0	0	test	-15	1	2271	3126	
22261	Thu Oct 26 02:26:31 2017	19	35	6::3	3544.43		0	1	1	0	0	1	0	0	test	-13	1	2793	4104	
22261	Thu Oct 26 02:26:45 2017	19	36	6::3	3544.43		1	0	0	1	0	0	0	1	test	24	1	2885	4772	
