version	timestamp	block number	trial number	lost msec	free VRAM	trial contents	is_CSplus	is_CSmin	do_tactor1	do_tactor2	do_tactor3	do_pulse1	do_pulse3	do_pulse5	phase	rating	button	rating_time	button_time	
22261	Mon Oct 30 04:21:52 2017	2	1	6::3	3544.43		0	1	1	0	0	0	0	0	baseline	-4	2	5248	8703	
22261	Mon Oct 30 04:22:05 2017	2	2	6::3	3544.43		0	1	1	0	0	0	0	0	baseline	-4	1	2412	4627	
22261	Mon Oct 30 04:22:18 2017	2	3	6::3	3544.43		1	0	0	1	0	0	0	0	baseline	-10	2	3074	5537	
22261	Mon Oct 30 04:22:31 2017	2	4	6::3	3544.43		0	1	1	0	0	0	0	0	baseline	-8	1	2306	4129	
22261	Mon Oct 30 04:22:44 2017	2	5	6::3	3544.43		1	0	0	1	0	0	0	0	baseline	-7	2	2493	3804	
22261	Mon Oct 30 04:22:58 2017	2	6	6::3	3544.43		1	0	0	1	0	0	0	0	baseline	-12	2	2369	3688	
22261	Mon Oct 30 04:23:10 2017	2	7	6::3	3544.43		0	1	1	0	0	0	0	0	baseline	-7	1	2008	3135	
22261	Mon Oct 30 04:23:23 2017	2	8	6::3	3544.43		1	0	0	1	0	0	0	0	baseline	-8	2	3009	4736	
22261	Mon Oct 30 04:23:37 2017	2	9	6::3	3544.43		0	1	1	0	0	0	0	0	baseline	-6	1	4081	5616	
22261	Mon Oct 30 04:23:52 2017	2	10	6::3	3544.43		1	0	0	1	0	0	0	0	baseline	-12	2	3232	4959	
22261	Mon Oct 30 04:24:20 2017	4	1	6::3	3544.43		0	1	1	0	0	1	0	0	acq	-8	1	4680	5839	
22261	Mon Oct 30 04:24:35 2017	4	2	6::3	3544.43		0	1	1	0	0	1	0	0	acq	-5	1	4326	5461	
22261	Mon Oct 30 04:24:50 2017	4	3	6::3	3544.43		1	0	0	1	0	0	0	1	acq	-3	2	3464	4519	
22261	Mon Oct 30 04:25:04 2017	4	4	6::3	3544.43		0	1	1	0	0	1	0	0	acq	-5	1	3403	4458	
22261	Mon Oct 30 04:25:19 2017	4	5	6::3	3544.43		1	0	0	1	0	0	0	1	acq	-1	2	3592	4855	
22261	Mon Oct 30 04:25:34 2017	4	6	6::3	3544.43		1	0	0	1	0	0	0	1	acq	0	2	2652	4179	
22261	Mon Oct 30 04:25:47 2017	4	7	6::3	3544.43		0	1	1	0	0	1	0	0	acq	-3	1	3518	4485	
22261	Mon Oct 30 04:26:01 2017	4	8	6::3	3544.43		1	0	0	1	0	0	0	1	acq	0	2	3579	4890	
22261	Mon Oct 30 04:28:08 2017	7	1	6::3	3544.43		1	0	0	1	0	0	0	1	acq	-2	2	5096	6215	
22261	Mon Oct 30 04:28:22 2017	7	2	6::3	3544.43		1	0	0	1	0	0	0	1	acq	0	2	4343	5718	
22261	Mon Oct 30 04:28:35 2017	7	3	6::3	3544.43		0	1	1	0	0	1	0	0	acq	-8	1	3901	5420	
22261	Mon Oct 30 04:28:49 2017	7	4	6::3	3544.43		0	1	1	0	0	1	0	0	acq	-3	1	3476	4499	
22261	Mon Oct 30 04:29:03 2017	7	5	6::3	3544.43		1	0	0	1	0	0	0	1	acq	0	2	3886	5053	
22261	Mon Oct 30 04:29:15 2017	7	6	6::3	3544.43		0	1	1	0	0	1	0	0	acq	-1	1	3687	5030	
22261	Mon Oct 30 04:29:29 2017	7	7	6::3	3544.43		0	1	1	0	0	1	0	0	acq	0	1	3296	4223	
22261	Mon Oct 30 04:29:44 2017	7	8	6::3	3544.43		1	0	0	1	0	0	0	1	acq	0	2	4084	5019	
22261	Mon Oct 30 04:31:35 2017	10	1	6::3	3544.43		0	1	1	0	0	1	0	0	acq	-3	1	5048	6623	
22261	Mon Oct 30 04:31:48 2017	10	2	6::3	3544.43		1	0	0	1	0	0	0	1	acq	0	2	4367	5454	
22261	Mon Oct 30 04:32:03 2017	10	3	6::3	3544.43		1	0	0	1	0	0	0	1	acq	3	2	3915	4802	
22261	Mon Oct 30 04:32:18 2017	10	4	6::3	3544.43		0	1	1	0	0	1	0	0	acq	-2	1	6609	7576	
22261	Mon Oct 30 04:32:31 2017	10	5	6::3	3544.43		0	1	1	0	0	1	0	0	acq	0	1	3334	4189	
22261	Mon Oct 30 04:32:43 2017	10	6	6::3	3544.43		1	0	0	1	0	0	0	1	acq	6	2	3164	4035	
22261	Mon Oct 30 04:32:56 2017	10	7	6::3	3544.43		0	1	1	0	0	1	0	0	acq	0	1	3286	4429	
22261	Mon Oct 30 04:33:09 2017	10	8	6::3	3544.43		1	0	0	1	0	0	0	1	acq	5	2	3073	4008	
22261	Mon Oct 30 04:34:44 2017	13	1	6::3	3544.43		0	1	1	0	0	1	0	0	test	-2	1	4528	5431	
22261	Mon Oct 30 04:34:59 2017	13	2	6::3	3544.43		1	0	0	1	0	0	1	0	test	1	2	3172	4131	
22261	Mon Oct 30 04:35:13 2017	13	3	6::3	3544.43		0	1	1	0	0	0	1	0	test	1	1	3742	4741	
22261	Mon Oct 30 04:35:27 2017	13	4	6::3	3544.43		1	0	0	1	0	0	0	1	test	2	2	3631	4510	
22261	Mon Oct 30 04:35:39 2017	13	5	6::3	3544.43		1	0	0	1	0	0	1	0	test	3	2	4104	5303	
22261	Mon Oct 30 04:35:54 2017	13	6	6::3	3544.43		0	1	1	0	0	1	0	0	test	0	1	2789	3796	
22261	Mon Oct 30 04:36:08 2017	13	7	6::3	3544.43		0	1	1	0	0	1	0	0	test	0	1	3311	4294	
22261	Mon Oct 30 04:36:21 2017	13	8	6::3	3544.43		1	0	0	1	0	0	0	1	test	11	2	3098	4217	
22261	Mon Oct 30 04:36:33 2017	13	9	6::3	3544.43		0	1	1	0	0	0	1	0	test	2	1	2853	3820	
22261	Mon Oct 30 04:36:47 2017	13	10	6::3	3544.43		0	1	1	0	0	1	0	0	test	0	1	3392	4391	
22261	Mon Oct 30 04:37:01 2017	13	11	6::3	3544.43		1	0	0	1	0	0	0	1	test	4	2	4317	5220	
22261	Mon Oct 30 04:37:13 2017	13	12	6::3	3544.43		1	0	0	1	0	0	0	1	test	5	2	3140	4019	
22261	Mon Oct 30 04:37:26 2017	13	13	6::3	3544.43		0	1	1	0	0	0	0	0	test	1	1	3761	4744	
22261	Mon Oct 30 04:37:40 2017	13	14	6::3	3544.43		1	0	0	1	0	0	0	0	test	-1	2	4205	5188	
22261	Mon Oct 30 04:37:54 2017	13	15	6::3	3544.43		0	1	1	0	0	0	1	0	test	1	1	5437	9404	
22261	Mon Oct 30 04:38:09 2017	13	16	6::3	3544.43		1	0	0	1	0	0	1	0	test	0	2	3286	4269	
22261	Mon Oct 30 04:38:23 2017	13	17	6::3	3544.43		0	1	1	0	0	1	0	0	test	-3	1	3317	4324	
22261	Mon Oct 30 04:38:37 2017	13	18	6::3	3544.43		0	1	1	0	0	1	0	0	test	-2	1	4517	5332	
22261	Mon Oct 30 04:38:51 2017	13	19	6::3	3544.43		1	0	0	1	0	0	0	1	test	1	2	4515	5410	
22261	Mon Oct 30 04:39:06 2017	13	20	6::3	3544.43		1	0	0	1	0	0	1	0	test	0	2	3648	4615	
22261	Mon Oct 30 04:39:19 2017	13	21	6::3	3544.43		0	1	1	0	0	1	0	0	test	-1	1	3153	4128	
22261	Mon Oct 30 04:39:33 2017	13	22	6::3	3544.43		1	0	0	1	0	0	0	0	test	-3	2	2914	3969	
22261	Mon Oct 30 04:39:45 2017	13	23	6::3	3544.43		1	0	0	1	0	0	0	1	test	0	2	3008	3927	
22261	Mon Oct 30 04:40:00 2017	13	24	6::3	3544.43		0	1	1	0	0	1	0	0	test	-2	1	3061	4044	
22261	Mon Oct 30 04:40:12 2017	13	25	6::3	3544.43		1	0	0	1	0	0	0	1	test	0	2	3356	4267	
22261	Mon Oct 30 04:40:25 2017	13	26	6::3	3544.43		1	0	0	1	0	0	1	0	test	0	2	3359	4150	
22261	Mon Oct 30 04:40:39 2017	13	27	6::3	3544.43		0	1	1	0	0	0	1	0	test	-2	1	3648	4639	
22261	Mon Oct 30 04:40:53 2017	13	28	6::3	3544.43		1	0	0	1	0	0	0	1	test	1	2	3044	4075	
22261	Mon Oct 30 04:41:06 2017	13	29	6::3	3544.43		1	0	0	1	0	0	0	0	test	-2	2	2522	3465	
22261	Mon Oct 30 04:41:20 2017	13	30	6::3	3544.43		0	1	1	0	0	0	1	0	test	0	1	4545	5472	
22261	Mon Oct 30 04:41:34 2017	13	31	6::3	3544.43		1	0	0	1	0	0	0	1	test	1	2	3290	4145	
22261	Mon Oct 30 04:41:47 2017	13	32	6::3	3544.43		0	1	1	0	0	0	0	0	test	1	1	2630	3437	
22261	Mon Oct 30 04:41:59 2017	13	33	6::3	3544.43		0	1	1	0	0	1	0	0	test	0	1	2724	3531	
22261	Mon Oct 30 04:42:12 2017	13	34	6::3	3544.43		1	0	0	1	0	0	0	1	test	2	2	2351	3270	
22261	Mon Oct 30 04:42:26 2017	13	35	6::3	3544.43		0	1	1	0	0	1	0	0	test	0	1	2533	3348	
22261	Mon Oct 30 04:42:40 2017	13	36	6::3	3544.43		0	1	1	0	0	0	0	0	test	0	1	2943	3870	
22261	Mon Oct 30 04:43:55 2017	16	1	6::3	3544.43		0	1	1	0	0	0	1	0	test	1	1	3184	4759	
22261	Mon Oct 30 04:44:08 2017	16	2	6::3	3544.43		0	1	1	0	0	1	0	0	test	2	1	2832	3679	
22261	Mon Oct 30 04:44:20 2017	16	3	6::3	3544.43		1	0	0	1	0	0	0	0	test	-1	2	2965	3820	
22261	Mon Oct 30 04:44:32 2017	16	4	6::3	3544.43		1	0	0	1	0	0	0	1	test	1	2	2603	3466	
22261	Mon Oct 30 04:44:45 2017	16	5	6::3	3544.43		0	1	1	0	0	0	1	0	test	7	1	2903	3830	
22261	Mon Oct 30 04:44:58 2017	16	6	6::3	3544.43		1	0	0	1	0	0	0	1	test	1	2	2668	3619	
22261	Mon Oct 30 04:45:11 2017	16	7	6::3	3544.43		0	1	1	0	0	0	1	0	test	2	1	2425	3256	
22261	Mon Oct 30 04:45:25 2017	16	8	6::3	3544.43		1	0	0	1	0	0	0	1	test	1	2	3948	4899	
22261	Mon Oct 30 04:45:38 2017	16	9	6::3	3544.43		0	1	1	0	0	0	0	0	test	0	1	2730	3593	
22261	Mon Oct 30 04:45:52 2017	16	10	6::3	3544.43		0	1	1	0	0	0	1	0	test	5	1	2528	3543	
22261	Mon Oct 30 04:46:06 2017	16	11	6::3	3544.43		1	0	0	1	0	0	0	1	test	8	2	3593	4440	
22261	Mon Oct 30 04:46:19 2017	16	12	6::3	3544.43		0	1	1	0	0	1	0	0	test	1	1	2737	3688	
22261	Mon Oct 30 04:46:33 2017	16	13	6::3	3544.43		1	0	0	1	0	0	0	1	test	2	2	3413	4404	
22261	Mon Oct 30 04:46:46 2017	16	14	6::3	3544.43		1	0	0	1	0	0	1	0	test	0	2	2706	3505	
22261	Mon Oct 30 04:46:58 2017	16	15	6::3	3544.43		0	1	1	0	0	1	0	0	test	-3	1	3121	5672	
22261	Mon Oct 30 04:47:10 2017	16	16	6::3	3544.43		0	1	1	0	0	0	0	0	test	-5	1	2499	3498	
22261	Mon Oct 30 04:47:23 2017	16	17	6::3	3544.43		1	0	0	1	0	0	0	1	test	5	2	2822	3653	
22261	Mon Oct 30 04:47:36 2017	16	18	6::3	3544.43		1	0	0	1	0	0	1	0	test	2	2	2537	3416	
22261	Mon Oct 30 04:47:50 2017	16	19	6::3	3544.43		0	1	1	0	0	1	0	0	test	-1	1	2595	3490	
22261	Mon Oct 30 04:48:02 2017	16	20	6::3	3544.43		0	1	1	0	0	1	0	0	test	-3	1	4974	5821	
22261	Mon Oct 30 04:48:16 2017	16	21	6::3	3544.43		1	0	0	1	0	0	1	0	test	-2	2	3781	4596	
22261	Mon Oct 30 04:48:29 2017	16	22	6::3	3544.43		0	1	1	0	0	0	1	0	test	-1	1	3645	4684	
22261	Mon Oct 30 04:48:42 2017	16	23	6::3	3544.43		1	0	0	1	0	0	0	1	test	0	2	3139	4002	
22261	Mon Oct 30 04:48:56 2017	16	24	6::3	3544.43		1	0	0	1	0	0	0	1	test	1	2	3527	4486	
22261	Mon Oct 30 04:49:11 2017	16	25	6::3	3544.43		0	1	1	0	0	0	0	0	test	-5	1	4757	5732	
22261	Mon Oct 30 04:49:25 2017	16	26	6::3	3544.43		1	0	0	1	0	0	0	1	test	0	2	3223	4062	
22261	Mon Oct 30 04:49:38 2017	16	27	6::3	3544.43		0	1	1	0	0	1	0	0	test	-2	1	2550	3573	
22261	Mon Oct 30 04:49:51 2017	16	28	6::3	3544.43		0	1	1	0	0	1	0	0	test	0	1	3731	4690	
22261	Mon Oct 30 04:50:03 2017	16	29	6::3	3544.43		1	0	0	1	0	0	1	0	test	0	2	3319	4302	
22261	Mon Oct 30 04:50:16 2017	16	30	6::3	3544.43		0	1	1	0	0	1	0	0	test	-3	1	4215	5142	
22261	Mon Oct 30 04:50:30 2017	16	31	6::3	3544.43		1	0	0	1	0	0	1	0	test	0	2	3768	4775	
22261	Mon Oct 30 04:50:43 2017	16	32	6::3	3544.43		1	0	0	1	0	0	0	0	test	-6	2	2266	3737	
22261	Mon Oct 30 04:50:56 2017	16	33	6::3	3544.43		0	1	1	0	0	1	0	0	test	-3	1	2937	4128	
22261	Mon Oct 30 04:51:09 2017	16	34	6::3	3544.43		1	0	0	1	0	0	0	0	test	0	2	3327	4910	
22261	Mon Oct 30 04:51:21 2017	16	35	6::3	3544.43		0	1	1	0	0	1	0	0	test	0	1	3220	4203	
22261	Mon Oct 30 04:51:34 2017	16	36	6::3	3544.43		1	0	0	1	0	0	0	1	test	4	2	2537	3768	
22261	Mon Oct 30 04:53:40 2017	19	1	6::3	3544.43		0	1	1	0	0	0	0	0	test	-6	1	3056	4407	
22261	Mon Oct 30 04:53:52 2017	19	2	6::3	3544.43		1	0	0	1	0	0	1	0	test	3	2	3144	4255	
22261	Mon Oct 30 04:54:06 2017	19	3	6::3	3544.43		1	0	0	1	0	0	0	0	test	-4	2	2503	3334	
22261	Mon Oct 30 04:54:19 2017	19	4	6::3	3544.43		0	1	1	0	0	1	0	0	test	-2	1	3617	4656	
22261	Mon Oct 30 04:54:33 2017	19	5	6::3	3544.43		1	0	0	1	0	0	1	0	test	4	2	2891	4378	
22261	Mon Oct 30 04:54:45 2017	19	6	6::3	3544.43		0	1	1	0	0	1	0	0	test	0	1	3579	4538	
22261	Mon Oct 30 04:54:58 2017	19	7	6::3	3544.43		0	1	1	0	0	0	1	0	test	2	1	3305	4304	
22261	Mon Oct 30 04:55:11 2017	19	8	6::3	3544.43		1	0	0	1	0	0	0	1	test	3	2	2925	3868	
22261	Mon Oct 30 04:55:25 2017	19	9	6::3	3544.43		1	0	0	1	0	0	0	1	test	6	1	3039	4774	
22261	Mon Oct 30 04:55:37 2017	19	10	6::3	3544.43		0	1	1	0	0	1	0	0	test	0	1	2350	3621	
22261	Mon Oct 30 04:55:49 2017	19	11	6::3	3544.43		0	1	1	0	0	0	0	0	test	-2	1	2477	3324	
22261	Mon Oct 30 04:56:04 2017	19	12	6::3	3544.43		1	0	0	1	0	0	0	1	test	4	2	3185	3976	
22261	Mon Oct 30 04:56:17 2017	19	13	6::3	3544.43		0	1	1	0	0	1	0	0	test	-1	1	2192	2967	
22261	Mon Oct 30 04:56:31 2017	19	14	6::3	3544.43		0	1	1	0	0	1	0	0	test	0	1	3351	4254	
22261	Mon Oct 30 04:56:45 2017	19	15	6::3	3544.43		1	0	0	1	0	0	0	1	test	5	2	2981	3836	
22261	Mon Oct 30 04:56:58 2017	19	16	6::3	3544.43		0	1	1	0	0	0	1	0	test	0	1	6972	10955	
22261	Mon Oct 30 04:57:11 2017	19	17	6::3	3544.43		1	0	0	1	0	0	0	0	test	-10	2	4305	5128	
22261	Mon Oct 30 04:57:24 2017	19	18	6::3	3544.43		0	1	1	0	0	0	1	0	test	1	1	3840	5007	
22261	Mon Oct 30 04:57:38 2017	19	19	6::3	3544.43		1	0	0	1	0	0	1	0	test	-1	2	2871	3654	
22261	Mon Oct 30 04:57:51 2017	19	20	6::3	3544.43		1	0	0	1	0	0	0	1	test	1	2	6086	6965	
22261	Mon Oct 30 04:58:03 2017	19	21	6::3	3544.43		0	1	1	0	0	0	0	0	test	-8	1	2541	3428	
22261	Mon Oct 30 04:58:18 2017	19	22	6::3	3544.43		1	0	0	1	0	0	1	0	test	0	2	3181	4068	
22261	Mon Oct 30 04:58:31 2017	19	23	6::3	3544.43		1	0	0	1	0	0	0	1	test	2	2	2647	3454	
22261	Mon Oct 30 04:58:45 2017	19	24	6::3	3544.43		0	1	1	0	0	1	0	0	test	-7	1	2551	3534	
22261	Mon Oct 30 04:58:57 2017	19	25	6::3	3544.43		0	1	1	0	0	1	0	0	test	-4	1	2575	3486	
22261	Mon Oct 30 04:59:12 2017	19	26	6::3	3544.43		1	0	0	1	0	0	0	1	test	3	2	3638	4757	
22261	Mon Oct 30 04:59:25 2017	19	27	6::3	3544.43		0	1	1	0	0	1	0	0	test	-5	1	2571	3898	
22261	Mon Oct 30 04:59:39 2017	19	28	6::3	3544.43		1	0	0	1	0	0	0	1	test	-2	2	6161	7000	
22261	Mon Oct 30 04:59:53 2017	19	29	6::3	3544.43		0	1	1	0	0	1	0	0	test	-12	1	3615	4550	
22261	Mon Oct 30 05:00:05 2017	19	30	9::3	3544.43		1	0	0	1	0	0	1	0	test	-7	1	5984	7287	
22261	Mon Oct 30 05:00:20 2017	19	31	6::3	3544.43		0	1	1	0	0	0	1	0	test	-3	1	4058	5113	
22261	Mon Oct 30 05:00:32 2017	19	32	6::3	3544.43		1	0	0	1	0	0	0	0	test	-9	2	4192	5007	
22261	Mon Oct 30 05:00:44 2017	19	33	6::3	3544.43		0	1	1	0	0	1	0	0	test	-9	1	6212	7003	
22261	Mon Oct 30 05:00:57 2017	19	34	6::3	3544.43		0	1	1	0	0	0	1	0	test	0	1	2960	3967	
22261	Mon Oct 30 05:01:11 2017	19	35	6::3	3544.43		1	0	0	1	0	0	0	1	test	4	2	3011	3810	
22261	Mon Oct 30 05:01:24 2017	19	36	6::3	3544.43		1	0	0	1	0	0	0	1	test	2	2	2984	3783	
